0 4.7999 0.8
0 4.8001 0.8
0 4.79 0.8
0 4.81 0.8
0 4.78 0.8
0 4.82 0.8
0 4.77 0.8
0 4.83 0.8
0 4.76 0.8
0 4.84 0.8
0 4.75 0.8
0 4.85 0.8
0 4.74 0.8
0 4.86 0.8
0 4.73 0.8
0 4.87 0.8
0 4.72 0.8
0 4.88 0.8
0 4.71 0.8
0 4.89 0.8
0 4.7 0.8
0 4.9 0.8
0 4.69 0.8
0 4.91 0.8
0 4.68 0.8
0 4.92 0.8
0 4.67 0.8
0 4.93 0.8
0 4.66 0.8
0 4.94 0.8
0 4.65 0.8
0 4.95 0.8
0 4.64 0.8
0 4.96 0.8
0 4.63 0.8
0 4.97 0.8
0 4.62 0.8
0 4.98 0.8
0 4.61 0.8
0 4.99 0.8
0 4.6 0.8
0 5.0 0.8
0 4.59 0.8
0 5.01 0.8
0 4.58 0.8
0 5.02 0.8
0 4.57 0.8
0 5.03 0.8
0 4.56 0.8
0 5.04 0.8
0 4.55 0.8
0 5.05 0.8
0 4.54 0.8
0 5.06 0.8
0 4.53 0.8
0 5.07 0.8
0 4.52 0.8
0 5.08 0.8
0 4.51 0.8
0 5.09 0.8
0 4.505 0.8
0 5.095 0.8
0 4.501 0.8
0 5.099 0.8