# 2023-03-13 13:31:34
#
# U_MIN=-2.000000   U_MAX=-1.000000

-4.0208667692e+00 -3.6410904300e+00 -2.6498059441e+00 -1.4412493301e+00 -5.5970314374e-01 -4.0910826850e-01 -5.5970314374e-01 -1.4412493301e+00 -2.6498059441e+00 -3.6410904300e+00
-3.6410904300e+00 -3.2618254905e+00 -2.2731848969e+00 -1.0804487842e+00 -4.0910826850e-01 -5.5970314374e-01 -4.0910826850e-01 -1.0804487842e+00 -2.2731848969e+00 -3.2618254905e+00
-2.6498059441e+00 -2.2731848969e+00 -1.3020113749e+00 -4.0910826850e-01 -1.0804487842e+00 -1.4412493301e+00 -1.0804487842e+00 -4.0910826850e-01 -1.3020113749e+00 -2.2731848969e+00
-1.4412493301e+00 -1.0804487842e+00 -4.0910826850e-01 -1.3020113749e+00 -2.2731848969e+00 -2.6498059441e+00 -2.2731848969e+00 -1.3020113749e+00 -4.0910826850e-01 -1.0804487842e+00
-5.5970314374e-01 -4.0910826850e-01 -1.0804487842e+00 -2.2731848969e+00 -3.2618254905e+00 -3.6410904300e+00 -3.2618254905e+00 -2.2731848969e+00 -1.0804487842e+00 -4.0910826850e-01
-4.0910826850e-01 -5.5970314374e-01 -1.4412493301e+00 -2.6498059441e+00 -3.6410904300e+00 -4.0208667692e+00 -3.6410904300e+00 -2.6498059441e+00 -1.4412493301e+00 -5.5970314374e-01
-5.5970314374e-01 -4.0910826850e-01 -1.0804487842e+00 -2.2731848969e+00 -3.2618254905e+00 -3.6410904300e+00 -3.2618254905e+00 -2.2731848969e+00 -1.0804487842e+00 -4.0910826850e-01
-1.4412493301e+00 -1.0804487842e+00 -4.0910826850e-01 -1.3020113749e+00 -2.2731848969e+00 -2.6498059441e+00 -2.2731848969e+00 -1.3020113749e+00 -4.0910826850e-01 -1.0804487842e+00
-2.6498059441e+00 -2.2731848969e+00 -1.3020113749e+00 -4.0910826850e-01 -1.0804487842e+00 -1.4412493301e+00 -1.0804487842e+00 -4.0910826850e-01 -1.3020113749e+00 -2.2731848969e+00
-3.6410904300e+00 -3.2618254905e+00 -2.2731848969e+00 -1.0804487842e+00 -4.0910826850e-01 -5.5970314374e-01 -4.0910826850e-01 -1.0804487842e+00 -2.2731848969e+00 -3.2618254905e+00
4.0208667692e+00 3.6410904300e+00 2.6498059441e+00 1.4412493301e+00 5.5970314374e-01 4.0910826850e-01 5.5970314374e-01 1.4412493301e+00 2.6498059441e+00 3.6410904300e+00
3.6410904300e+00 3.2618254905e+00 2.2731848969e+00 1.0804487842e+00 4.0910826850e-01 5.5970314374e-01 4.0910826850e-01 1.0804487842e+00 2.2731848969e+00 3.2618254905e+00
2.6498059441e+00 2.2731848969e+00 1.3020113749e+00 4.0910826850e-01 1.0804487842e+00 1.4412493301e+00 1.0804487842e+00 4.0910826850e-01 1.3020113749e+00 2.2731848969e+00
1.4412493301e+00 1.0804487842e+00 4.0910826850e-01 1.3020113749e+00 2.2731848969e+00 2.6498059441e+00 2.2731848969e+00 1.3020113749e+00 4.0910826850e-01 1.0804487842e+00
5.5970314374e-01 4.0910826850e-01 1.0804487842e+00 2.2731848969e+00 3.2618254905e+00 3.6410904300e+00 3.2618254905e+00 2.2731848969e+00 1.0804487842e+00 4.0910826850e-01
4.0910826850e-01 5.5970314374e-01 1.4412493301e+00 2.6498059441e+00 3.6410904300e+00 4.0208667692e+00 3.6410904300e+00 2.6498059441e+00 1.4412493301e+00 5.5970314374e-01
5.5970314374e-01 4.0910826850e-01 1.0804487842e+00 2.2731848969e+00 3.2618254905e+00 3.6410904300e+00 3.2618254905e+00 2.2731848969e+00 1.0804487842e+00 4.0910826850e-01
1.4412493301e+00 1.0804487842e+00 4.0910826850e-01 1.3020113749e+00 2.2731848969e+00 2.6498059441e+00 2.2731848969e+00 1.3020113749e+00 4.0910826850e-01 1.0804487842e+00
2.6498059441e+00 2.2731848969e+00 1.3020113749e+00 4.0910826850e-01 1.0804487842e+00 1.4412493301e+00 1.0804487842e+00 4.0910826850e-01 1.3020113749e+00 2.2731848969e+00
3.6410904300e+00 3.2618254905e+00 2.2731848969e+00 1.0804487842e+00 4.0910826850e-01 5.5970314374e-01 4.0910826850e-01 1.0804487842e+00 2.2731848969e+00 3.2618254905e+00
