No coulomb
#######################


0.0
0.01
0.02
0.03
0.04
0.05
0.06
0.07
0.08
0.09
0.1
0.11
0.12
0.13
0.14
0.15
0.16
0.17
0.18
0.19
0.2
0.21
0.22
0.23
0.24
0.25
0.26
0.27
0.28
0.29
0.3
0.31
0.32
0.33
0.34
0.35
0.36
0.37
0.38
0.39
0.4
0.41
0.42
0.43
0.44
0.45
0.46
0.47
0.48
0.49
0.5
0.55
0.6
0.65
0.7
0.75
0.8
0.85
0.9
0.95
1.0
1.05
1.1
1.15
1.2
1.25
1.3
1.35
1.4
1.45
1.5
1.55
1.6
1.65
1.7
1.75
1.8
1.85
1.9
1.95
2.0
2.05
2.1
2.15
2.2
2.25
2.3
2.35
2.4
2.45
2.5
2.55
2.6
2.65
2.7
2.75
2.8
2.85
2.9
2.95
3.0
3.05
3.1
3.15
3.2
3.25
3.3
3.35
3.4
3.45
3.5
3.55
3.6
3.65
3.7
3.75
3.8
3.85
3.9
3.95
4.0
4.1
4.2
4.3
4.4
4.5
4.6
4.7
4.8
4.9
5.0
0.225
0.275
0.325
0.375
0.425
0.475
0.525
0.575
0.625
0.675
0.91
0.93
0.94


#######################
0.3
0.35
0.4
0.45
0.5
0.55
0.6
0.65
0.7
0.75
0.8
0.85
0.9
0.95
1.0
1.05
1.1
1.15
1.2
1.25
1.3
1.35
1.4
1.45
1.5
1.55
1.6
1.65
1.7
1.75
1.8
1.85
1.9
1.95
2.0
2.05
2.1
2.15
2.2
2.25
2.3
2.35
2.4
2.45
2.5
2.55
2.6
2.65
2.7
2.75
2.8
2.85
2.9
2.95
3.0
3.05
3.1
3.15
3.2
3.25
3.3
3.35
3.4
3.45
0.625
0.675
0.725
0.775
0.825
0.875
0.925
0.975
1.025
1.075
1.125
1.175
1.225
1.275
1.325
1.375
1.21
1.22
1.23
1.24



#######################
1.0
1.05
1.1
1.15
1.2
1.25
1.3
1.35
1.4
1.45
1.5
1.55
1.6
1.65
1.7
1.75
1.8
1.85
1.9
1.95
2.0
2.05
2.1
2.15
2.2
2.25
2.3
2.35
2.4
2.45
2.5
2.55
2.6
2.65
2.7
2.75
2.8
2.85
2.9
2.95
3.0
3.05
3.1
3.15
3.2
3.25
3.3
3.35
3.4
3.45
1.375
1.425
1.475
1.525
1.575
1.625
1.675
1.725
1.775
1.825
1.875
1.925
1.975
2.125
2.175
2.225
2.275
2.325
2.375
2.425
2.475
1.46
1.47
1.48
1.49
1.78
1.79
1.81
1.82
1.83
2.11
2.12
2.13
2.14
2.42
2.43
2.44
2.46
2.47
2.66
2.67
2.68
2.69
2.71
2.72
2.73
2.74
