# 2023-03-13 10:43:44
#
# U_MIN=-2.000000   U_MAX=-1.000000

-4.0176701359e+00 -3.9741596649e+00 -3.8455556419e+00 -3.6375600703e+00 -3.3594138247e+00 -3.0235200216e+00 -2.6449527949e+00 -2.2408939791e+00 -1.8300684177e+00 -1.4323070122e+00 -1.0684911422e+00 -7.6129596317e-01 -5.3625679920e-01 -4.1421114485e-01 -3.7892404299e-01 -3.7639516594e-01 -3.7892404299e-01 -4.1421114485e-01 -5.3625679920e-01 -7.6129596317e-01 -1.0684911422e+00 -1.4323070122e+00 -1.8300684177e+00 -2.2408939791e+00 -2.6449527949e+00 -3.0235200216e+00 -3.3594138247e+00 -3.6375600703e+00 -3.8455556419e+00 -3.9741596649e+00
-3.9741596649e+00 -3.9306535057e+00 -3.8020631017e+00 -3.5940927201e+00 -3.3159878298e+00 -2.9801601701e+00 -2.6017002326e+00 -2.1978223675e+00 -1.7873205953e+00 -1.3901857410e+00 -1.0277031835e+00 -7.2362927815e-01 -5.0605727835e-01 -3.9795360095e-01 -3.7639516594e-01 -3.7892404299e-01 -3.7639516594e-01 -3.9795360095e-01 -5.0605727835e-01 -7.2362927815e-01 -1.0277031835e+00 -1.3901857410e+00 -1.7873205953e+00 -2.1978223675e+00 -2.6017002326e+00 -2.9801601701e+00 -3.3159878298e+00 -3.5940927201e+00 -3.8020631017e+00 -3.9306535057e+00
-3.8455556419e+00 -3.8020631017e+00 -3.6735157781e+00 -3.4656253296e+00 -3.1876523360e+00 -2.8520372305e+00 -2.4739258512e+00 -2.0706451542e+00 -1.6612366808e+00 -1.2662906351e+00 -9.0870936118e-01 -6.1695040243e-01 -4.3055559394e-01 -3.7639516594e-01 -3.9795360095e-01 -4.1421114485e-01 -3.9795360095e-01 -3.7639516594e-01 -4.3055559394e-01 -6.1695040243e-01 -9.0870936118e-01 -1.2662906351e+00 -1.6612366808e+00 -2.0706451542e+00 -2.4739258512e+00 -2.8520372305e+00 -3.1876523360e+00 -3.4656253296e+00 -3.6735157781e+00 -3.8020631017e+00
-3.6375600703e+00 -3.5940927201e+00 -3.4656253296e+00 -3.2578841717e+00 -2.9801601701e+00 -2.6449527949e+00 -2.2675258148e+00 -1.8654582637e+00 -1.4583859855e+00 -1.0684911422e+00 -7.2362927815e-01 -4.6898414381e-01 -3.7639516594e-01 -4.3055559394e-01 -5.0605727835e-01 -5.3625679920e-01 -5.0605727835e-01 -4.3055559394e-01 -3.7639516594e-01 -4.6898414381e-01 -7.2362927815e-01 -1.0684911422e+00 -1.4583859855e+00 -1.8654582637e+00 -2.2675258148e+00 -2.6449527949e+00 -2.9801601701e+00 -3.2578841717e+00 -3.4656253296e+00 -3.5940927201e+00
-3.3594138247e+00 -3.3159878298e+00 -3.1876523360e+00 -2.9801601701e+00 -2.7028587856e+00 -2.3683620542e+00 -1.9921757544e+00 -1.5924404997e+00 -1.1902838489e+00 -8.1265033999e-01 -5.0605727835e-01 -3.7639516594e-01 -4.6898414381e-01 -6.1695040243e-01 -7.2362927815e-01 -7.6129596317e-01 -7.2362927815e-01 -6.1695040243e-01 -4.6898414381e-01 -3.7639516594e-01 -5.0605727835e-01 -8.1265033999e-01 -1.1902838489e+00 -1.5924404997e+00 -1.9921757544e+00 -2.3683620542e+00 -2.7028587856e+00 -2.9801601701e+00 -3.1876523360e+00 -3.3159878298e+00
-3.0235200216e+00 -2.9801601701e+00 -2.8520372305e+00 -2.6449527949e+00 -2.3683620542e+00 -2.0351101496e+00 -1.6612366808e+00 -1.2662906351e+00 -8.7593622279e-01 -5.3625679920e-01 -3.7639516594e-01 -5.0605727835e-01 -7.2362927815e-01 -9.0870936118e-01 -1.0277031835e+00 -1.0684911422e+00 -1.0277031835e+00 -9.0870936118e-01 -7.2362927815e-01 -5.0605727835e-01 -3.7639516594e-01 -5.3625679920e-01 -8.7593622279e-01 -1.2662906351e+00 -1.6612366808e+00 -2.0351101496e+00 -2.3683620542e+00 -2.6449527949e+00 -2.8520372305e+00 -2.9801601701e+00
-2.6449527949e+00 -2.6017002326e+00 -2.4739258512e+00 -2.2675258148e+00 -1.9921757544e+00 -1.6612366808e+00 -1.2921057874e+00 -9.0870936118e-01 -5.5581971750e-01 -3.7639516594e-01 -5.3625679920e-01 -8.1265033999e-01 -1.0684911422e+00 -1.2662906351e+00 -1.3901857410e+00 -1.4323070122e+00 -1.3901857410e+00 -1.2662906351e+00 -1.0684911422e+00 -8.1265033999e-01 -5.3625679920e-01 -3.7639516594e-01 -5.5581971750e-01 -9.0870936118e-01 -1.2921057874e+00 -1.6612366808e+00 -1.9921757544e+00 -2.2675258148e+00 -2.4739258512e+00 -2.6017002326e+00
-2.2408939791e+00 -2.1978223675e+00 -2.0706451542e+00 -1.8654582637e+00 -1.5924404997e+00 -1.2662906351e+00 -9.0870936118e-01 -5.6257667484e-01 -3.7639516594e-01 -5.5581971750e-01 -8.7593622279e-01 -1.1902838489e+00 -1.4583859855e+00 -1.6612366808e+00 -1.7873205953e+00 -1.8300684177e+00 -1.7873205953e+00 -1.6612366808e+00 -1.4583859855e+00 -1.1902838489e+00 -8.7593622279e-01 -5.5581971750e-01 -3.7639516594e-01 -5.6257667484e-01 -9.0870936118e-01 -1.2662906351e+00 -1.5924404997e+00 -1.8654582637e+00 -2.0706451542e+00 -2.1978223675e+00
-1.8300684177e+00 -1.7873205953e+00 -1.6612366808e+00 -1.4583859855e+00 -1.1902838489e+00 -8.7593622279e-01 -5.5581971750e-01 -3.7639516594e-01 -5.6257667484e-01 -9.0870936118e-01 -1.2662906351e+00 -1.5924404997e+00 -1.8654582637e+00 -2.0706451542e+00 -2.1978223675e+00 -2.2408939791e+00 -2.1978223675e+00 -2.0706451542e+00 -1.8654582637e+00 -1.5924404997e+00 -1.2662906351e+00 -9.0870936118e-01 -5.6257667484e-01 -3.7639516594e-01 -5.5581971750e-01 -8.7593622279e-01 -1.1902838489e+00 -1.4583859855e+00 -1.6612366808e+00 -1.7873205953e+00
-1.4323070122e+00 -1.3901857410e+00 -1.2662906351e+00 -1.0684911422e+00 -8.1265033999e-01 -5.3625679920e-01 -3.7639516594e-01 -5.5581971750e-01 -9.0870936118e-01 -1.2921057874e+00 -1.6612366808e+00 -1.9921757544e+00 -2.2675258148e+00 -2.4739258512e+00 -2.6017002326e+00 -2.6449527949e+00 -2.6017002326e+00 -2.4739258512e+00 -2.2675258148e+00 -1.9921757544e+00 -1.6612366808e+00 -1.2921057874e+00 -9.0870936118e-01 -5.5581971750e-01 -3.7639516594e-01 -5.3625679920e-01 -8.1265033999e-01 -1.0684911422e+00 -1.2662906351e+00 -1.3901857410e+00
-1.0684911422e+00 -1.0277031835e+00 -9.0870936118e-01 -7.2362927815e-01 -5.0605727835e-01 -3.7639516594e-01 -5.3625679920e-01 -8.7593622279e-01 -1.2662906351e+00 -1.6612366808e+00 -2.0351101496e+00 -2.3683620542e+00 -2.6449527949e+00 -2.8520372305e+00 -2.9801601701e+00 -3.0235200216e+00 -2.9801601701e+00 -2.8520372305e+00 -2.6449527949e+00 -2.3683620542e+00 -2.0351101496e+00 -1.6612366808e+00 -1.2662906351e+00 -8.7593622279e-01 -5.3625679920e-01 -3.7639516594e-01 -5.0605727835e-01 -7.2362927815e-01 -9.0870936118e-01 -1.0277031835e+00
-7.6129596317e-01 -7.2362927815e-01 -6.1695040243e-01 -4.6898414381e-01 -3.7639516594e-01 -5.0605727835e-01 -8.1265033999e-01 -1.1902838489e+00 -1.5924404997e+00 -1.9921757544e+00 -2.3683620542e+00 -2.7028587856e+00 -2.9801601701e+00 -3.1876523360e+00 -3.3159878298e+00 -3.3594138247e+00 -3.3159878298e+00 -3.1876523360e+00 -2.9801601701e+00 -2.7028587856e+00 -2.3683620542e+00 -1.9921757544e+00 -1.5924404997e+00 -1.1902838489e+00 -8.1265033999e-01 -5.0605727835e-01 -3.7639516594e-01 -4.6898414381e-01 -6.1695040243e-01 -7.2362927815e-01
-5.3625679920e-01 -5.0605727835e-01 -4.3055559394e-01 -3.7639516594e-01 -4.6898414381e-01 -7.2362927815e-01 -1.0684911422e+00 -1.4583859855e+00 -1.8654582637e+00 -2.2675258148e+00 -2.6449527949e+00 -2.9801601701e+00 -3.2578841717e+00 -3.4656253296e+00 -3.5940927201e+00 -3.6375600703e+00 -3.5940927201e+00 -3.4656253296e+00 -3.2578841717e+00 -2.9801601701e+00 -2.6449527949e+00 -2.2675258148e+00 -1.8654582637e+00 -1.4583859855e+00 -1.0684911422e+00 -7.2362927815e-01 -4.6898414381e-01 -3.7639516594e-01 -4.3055559394e-01 -5.0605727835e-01
-4.1421114485e-01 -3.9795360095e-01 -3.7639516594e-01 -4.3055559394e-01 -6.1695040243e-01 -9.0870936118e-01 -1.2662906351e+00 -1.6612366808e+00 -2.0706451542e+00 -2.4739258512e+00 -2.8520372305e+00 -3.1876523360e+00 -3.4656253296e+00 -3.6735157781e+00 -3.8020631017e+00 -3.8455556419e+00 -3.8020631017e+00 -3.6735157781e+00 -3.4656253296e+00 -3.1876523360e+00 -2.8520372305e+00 -2.4739258512e+00 -2.0706451542e+00 -1.6612366808e+00 -1.2662906351e+00 -9.0870936118e-01 -6.1695040243e-01 -4.3055559394e-01 -3.7639516594e-01 -3.9795360095e-01
-3.7892404299e-01 -3.7639516594e-01 -3.9795360095e-01 -5.0605727835e-01 -7.2362927815e-01 -1.0277031835e+00 -1.3901857410e+00 -1.7873205953e+00 -2.1978223675e+00 -2.6017002326e+00 -2.9801601701e+00 -3.3159878298e+00 -3.5940927201e+00 -3.8020631017e+00 -3.9306535057e+00 -3.9741596649e+00 -3.9306535057e+00 -3.8020631017e+00 -3.5940927201e+00 -3.3159878298e+00 -2.9801601701e+00 -2.6017002326e+00 -2.1978223675e+00 -1.7873205953e+00 -1.3901857410e+00 -1.0277031835e+00 -7.2362927815e-01 -5.0605727835e-01 -3.9795360095e-01 -3.7639516594e-01
-3.7639516594e-01 -3.7892404299e-01 -4.1421114485e-01 -5.3625679920e-01 -7.6129596317e-01 -1.0684911422e+00 -1.4323070122e+00 -1.8300684177e+00 -2.2408939791e+00 -2.6449527949e+00 -3.0235200216e+00 -3.3594138247e+00 -3.6375600703e+00 -3.8455556419e+00 -3.9741596649e+00 -4.0176701359e+00 -3.9741596649e+00 -3.8455556419e+00 -3.6375600703e+00 -3.3594138247e+00 -3.0235200216e+00 -2.6449527949e+00 -2.2408939791e+00 -1.8300684177e+00 -1.4323070122e+00 -1.0684911422e+00 -7.6129596317e-01 -5.3625679920e-01 -4.1421114485e-01 -3.7892404299e-01
-3.7892404299e-01 -3.7639516594e-01 -3.9795360095e-01 -5.0605727835e-01 -7.2362927815e-01 -1.0277031835e+00 -1.3901857410e+00 -1.7873205953e+00 -2.1978223675e+00 -2.6017002326e+00 -2.9801601701e+00 -3.3159878298e+00 -3.5940927201e+00 -3.8020631017e+00 -3.9306535057e+00 -3.9741596649e+00 -3.9306535057e+00 -3.8020631017e+00 -3.5940927201e+00 -3.3159878298e+00 -2.9801601701e+00 -2.6017002326e+00 -2.1978223675e+00 -1.7873205953e+00 -1.3901857410e+00 -1.0277031835e+00 -7.2362927815e-01 -5.0605727835e-01 -3.9795360095e-01 -3.7639516594e-01
-4.1421114485e-01 -3.9795360095e-01 -3.7639516594e-01 -4.3055559394e-01 -6.1695040243e-01 -9.0870936118e-01 -1.2662906351e+00 -1.6612366808e+00 -2.0706451542e+00 -2.4739258512e+00 -2.8520372305e+00 -3.1876523360e+00 -3.4656253296e+00 -3.6735157781e+00 -3.8020631017e+00 -3.8455556419e+00 -3.8020631017e+00 -3.6735157781e+00 -3.4656253296e+00 -3.1876523360e+00 -2.8520372305e+00 -2.4739258512e+00 -2.0706451542e+00 -1.6612366808e+00 -1.2662906351e+00 -9.0870936118e-01 -6.1695040243e-01 -4.3055559394e-01 -3.7639516594e-01 -3.9795360095e-01
-5.3625679920e-01 -5.0605727835e-01 -4.3055559394e-01 -3.7639516594e-01 -4.6898414381e-01 -7.2362927815e-01 -1.0684911422e+00 -1.4583859855e+00 -1.8654582637e+00 -2.2675258148e+00 -2.6449527949e+00 -2.9801601701e+00 -3.2578841717e+00 -3.4656253296e+00 -3.5940927201e+00 -3.6375600703e+00 -3.5940927201e+00 -3.4656253296e+00 -3.2578841717e+00 -2.9801601701e+00 -2.6449527949e+00 -2.2675258148e+00 -1.8654582637e+00 -1.4583859855e+00 -1.0684911422e+00 -7.2362927815e-01 -4.6898414381e-01 -3.7639516594e-01 -4.3055559394e-01 -5.0605727835e-01
-7.6129596317e-01 -7.2362927815e-01 -6.1695040243e-01 -4.6898414381e-01 -3.7639516594e-01 -5.0605727835e-01 -8.1265033999e-01 -1.1902838489e+00 -1.5924404997e+00 -1.9921757544e+00 -2.3683620542e+00 -2.7028587856e+00 -2.9801601701e+00 -3.1876523360e+00 -3.3159878298e+00 -3.3594138247e+00 -3.3159878298e+00 -3.1876523360e+00 -2.9801601701e+00 -2.7028587856e+00 -2.3683620542e+00 -1.9921757544e+00 -1.5924404997e+00 -1.1902838489e+00 -8.1265033999e-01 -5.0605727835e-01 -3.7639516594e-01 -4.6898414381e-01 -6.1695040243e-01 -7.2362927815e-01
-1.0684911422e+00 -1.0277031835e+00 -9.0870936118e-01 -7.2362927815e-01 -5.0605727835e-01 -3.7639516594e-01 -5.3625679920e-01 -8.7593622279e-01 -1.2662906351e+00 -1.6612366808e+00 -2.0351101496e+00 -2.3683620542e+00 -2.6449527949e+00 -2.8520372305e+00 -2.9801601701e+00 -3.0235200216e+00 -2.9801601701e+00 -2.8520372305e+00 -2.6449527949e+00 -2.3683620542e+00 -2.0351101496e+00 -1.6612366808e+00 -1.2662906351e+00 -8.7593622279e-01 -5.3625679920e-01 -3.7639516594e-01 -5.0605727835e-01 -7.2362927815e-01 -9.0870936118e-01 -1.0277031835e+00
-1.4323070122e+00 -1.3901857410e+00 -1.2662906351e+00 -1.0684911422e+00 -8.1265033999e-01 -5.3625679920e-01 -3.7639516594e-01 -5.5581971750e-01 -9.0870936118e-01 -1.2921057874e+00 -1.6612366808e+00 -1.9921757544e+00 -2.2675258148e+00 -2.4739258512e+00 -2.6017002326e+00 -2.6449527949e+00 -2.6017002326e+00 -2.4739258512e+00 -2.2675258148e+00 -1.9921757544e+00 -1.6612366808e+00 -1.2921057874e+00 -9.0870936118e-01 -5.5581971750e-01 -3.7639516594e-01 -5.3625679920e-01 -8.1265033999e-01 -1.0684911422e+00 -1.2662906351e+00 -1.3901857410e+00
-1.8300684177e+00 -1.7873205953e+00 -1.6612366808e+00 -1.4583859855e+00 -1.1902838489e+00 -8.7593622279e-01 -5.5581971750e-01 -3.7639516594e-01 -5.6257667484e-01 -9.0870936118e-01 -1.2662906351e+00 -1.5924404997e+00 -1.8654582637e+00 -2.0706451542e+00 -2.1978223675e+00 -2.2408939791e+00 -2.1978223675e+00 -2.0706451542e+00 -1.8654582637e+00 -1.5924404997e+00 -1.2662906351e+00 -9.0870936118e-01 -5.6257667484e-01 -3.7639516594e-01 -5.5581971750e-01 -8.7593622279e-01 -1.1902838489e+00 -1.4583859855e+00 -1.6612366808e+00 -1.7873205953e+00
-2.2408939791e+00 -2.1978223675e+00 -2.0706451542e+00 -1.8654582637e+00 -1.5924404997e+00 -1.2662906351e+00 -9.0870936118e-01 -5.6257667484e-01 -3.7639516594e-01 -5.5581971750e-01 -8.7593622279e-01 -1.1902838489e+00 -1.4583859855e+00 -1.6612366808e+00 -1.7873205953e+00 -1.8300684177e+00 -1.7873205953e+00 -1.6612366808e+00 -1.4583859855e+00 -1.1902838489e+00 -8.7593622279e-01 -5.5581971750e-01 -3.7639516594e-01 -5.6257667484e-01 -9.0870936118e-01 -1.2662906351e+00 -1.5924404997e+00 -1.8654582637e+00 -2.0706451542e+00 -2.1978223675e+00
-2.6449527949e+00 -2.6017002326e+00 -2.4739258512e+00 -2.2675258148e+00 -1.9921757544e+00 -1.6612366808e+00 -1.2921057874e+00 -9.0870936118e-01 -5.5581971750e-01 -3.7639516594e-01 -5.3625679920e-01 -8.1265033999e-01 -1.0684911422e+00 -1.2662906351e+00 -1.3901857410e+00 -1.4323070122e+00 -1.3901857410e+00 -1.2662906351e+00 -1.0684911422e+00 -8.1265033999e-01 -5.3625679920e-01 -3.7639516594e-01 -5.5581971750e-01 -9.0870936118e-01 -1.2921057874e+00 -1.6612366808e+00 -1.9921757544e+00 -2.2675258148e+00 -2.4739258512e+00 -2.6017002326e+00
-3.0235200216e+00 -2.9801601701e+00 -2.8520372305e+00 -2.6449527949e+00 -2.3683620542e+00 -2.0351101496e+00 -1.6612366808e+00 -1.2662906351e+00 -8.7593622279e-01 -5.3625679920e-01 -3.7639516594e-01 -5.0605727835e-01 -7.2362927815e-01 -9.0870936118e-01 -1.0277031835e+00 -1.0684911422e+00 -1.0277031835e+00 -9.0870936118e-01 -7.2362927815e-01 -5.0605727835e-01 -3.7639516594e-01 -5.3625679920e-01 -8.7593622279e-01 -1.2662906351e+00 -1.6612366808e+00 -2.0351101496e+00 -2.3683620542e+00 -2.6449527949e+00 -2.8520372305e+00 -2.9801601701e+00
-3.3594138247e+00 -3.3159878298e+00 -3.1876523360e+00 -2.9801601701e+00 -2.7028587856e+00 -2.3683620542e+00 -1.9921757544e+00 -1.5924404997e+00 -1.1902838489e+00 -8.1265033999e-01 -5.0605727835e-01 -3.7639516594e-01 -4.6898414381e-01 -6.1695040243e-01 -7.2362927815e-01 -7.6129596317e-01 -7.2362927815e-01 -6.1695040243e-01 -4.6898414381e-01 -3.7639516594e-01 -5.0605727835e-01 -8.1265033999e-01 -1.1902838489e+00 -1.5924404997e+00 -1.9921757544e+00 -2.3683620542e+00 -2.7028587856e+00 -2.9801601701e+00 -3.1876523360e+00 -3.3159878298e+00
-3.6375600703e+00 -3.5940927201e+00 -3.4656253296e+00 -3.2578841717e+00 -2.9801601701e+00 -2.6449527949e+00 -2.2675258148e+00 -1.8654582637e+00 -1.4583859855e+00 -1.0684911422e+00 -7.2362927815e-01 -4.6898414381e-01 -3.7639516594e-01 -4.3055559394e-01 -5.0605727835e-01 -5.3625679920e-01 -5.0605727835e-01 -4.3055559394e-01 -3.7639516594e-01 -4.6898414381e-01 -7.2362927815e-01 -1.0684911422e+00 -1.4583859855e+00 -1.8654582637e+00 -2.2675258148e+00 -2.6449527949e+00 -2.9801601701e+00 -3.2578841717e+00 -3.4656253296e+00 -3.5940927201e+00
-3.8455556419e+00 -3.8020631017e+00 -3.6735157781e+00 -3.4656253296e+00 -3.1876523360e+00 -2.8520372305e+00 -2.4739258512e+00 -2.0706451542e+00 -1.6612366808e+00 -1.2662906351e+00 -9.0870936118e-01 -6.1695040243e-01 -4.3055559394e-01 -3.7639516594e-01 -3.9795360095e-01 -4.1421114485e-01 -3.9795360095e-01 -3.7639516594e-01 -4.3055559394e-01 -6.1695040243e-01 -9.0870936118e-01 -1.2662906351e+00 -1.6612366808e+00 -2.0706451542e+00 -2.4739258512e+00 -2.8520372305e+00 -3.1876523360e+00 -3.4656253296e+00 -3.6735157781e+00 -3.8020631017e+00
-3.9741596649e+00 -3.9306535057e+00 -3.8020631017e+00 -3.5940927201e+00 -3.3159878298e+00 -2.9801601701e+00 -2.6017002326e+00 -2.1978223675e+00 -1.7873205953e+00 -1.3901857410e+00 -1.0277031835e+00 -7.2362927815e-01 -5.0605727835e-01 -3.9795360095e-01 -3.7639516594e-01 -3.7892404299e-01 -3.7639516594e-01 -3.9795360095e-01 -5.0605727835e-01 -7.2362927815e-01 -1.0277031835e+00 -1.3901857410e+00 -1.7873205953e+00 -2.1978223675e+00 -2.6017002326e+00 -2.9801601701e+00 -3.3159878298e+00 -3.5940927201e+00 -3.8020631017e+00 -3.9306535057e+00
4.0176701359e+00 3.9741596649e+00 3.8455556419e+00 3.6375600703e+00 3.3594138247e+00 3.0235200216e+00 2.6449527949e+00 2.2408939791e+00 1.8300684177e+00 1.4323070122e+00 1.0684911422e+00 7.6129596317e-01 5.3625679920e-01 4.1421114485e-01 3.7892404299e-01 3.7639516594e-01 3.7892404299e-01 4.1421114485e-01 5.3625679920e-01 7.6129596317e-01 1.0684911422e+00 1.4323070122e+00 1.8300684177e+00 2.2408939791e+00 2.6449527949e+00 3.0235200216e+00 3.3594138247e+00 3.6375600703e+00 3.8455556419e+00 3.9741596649e+00
3.9741596649e+00 3.9306535057e+00 3.8020631017e+00 3.5940927201e+00 3.3159878298e+00 2.9801601701e+00 2.6017002326e+00 2.1978223675e+00 1.7873205953e+00 1.3901857410e+00 1.0277031835e+00 7.2362927815e-01 5.0605727835e-01 3.9795360095e-01 3.7639516594e-01 3.7892404299e-01 3.7639516594e-01 3.9795360095e-01 5.0605727835e-01 7.2362927815e-01 1.0277031835e+00 1.3901857410e+00 1.7873205953e+00 2.1978223675e+00 2.6017002326e+00 2.9801601701e+00 3.3159878298e+00 3.5940927201e+00 3.8020631017e+00 3.9306535057e+00
3.8455556419e+00 3.8020631017e+00 3.6735157781e+00 3.4656253296e+00 3.1876523360e+00 2.8520372305e+00 2.4739258512e+00 2.0706451542e+00 1.6612366808e+00 1.2662906351e+00 9.0870936118e-01 6.1695040243e-01 4.3055559394e-01 3.7639516594e-01 3.9795360095e-01 4.1421114485e-01 3.9795360095e-01 3.7639516594e-01 4.3055559394e-01 6.1695040243e-01 9.0870936118e-01 1.2662906351e+00 1.6612366808e+00 2.0706451542e+00 2.4739258512e+00 2.8520372305e+00 3.1876523360e+00 3.4656253296e+00 3.6735157781e+00 3.8020631017e+00
3.6375600703e+00 3.5940927201e+00 3.4656253296e+00 3.2578841717e+00 2.9801601701e+00 2.6449527949e+00 2.2675258148e+00 1.8654582637e+00 1.4583859855e+00 1.0684911422e+00 7.2362927815e-01 4.6898414381e-01 3.7639516594e-01 4.3055559394e-01 5.0605727835e-01 5.3625679920e-01 5.0605727835e-01 4.3055559394e-01 3.7639516594e-01 4.6898414381e-01 7.2362927815e-01 1.0684911422e+00 1.4583859855e+00 1.8654582637e+00 2.2675258148e+00 2.6449527949e+00 2.9801601701e+00 3.2578841717e+00 3.4656253296e+00 3.5940927201e+00
3.3594138247e+00 3.3159878298e+00 3.1876523360e+00 2.9801601701e+00 2.7028587856e+00 2.3683620542e+00 1.9921757544e+00 1.5924404997e+00 1.1902838489e+00 8.1265033999e-01 5.0605727835e-01 3.7639516594e-01 4.6898414381e-01 6.1695040243e-01 7.2362927815e-01 7.6129596317e-01 7.2362927815e-01 6.1695040243e-01 4.6898414381e-01 3.7639516594e-01 5.0605727835e-01 8.1265033999e-01 1.1902838489e+00 1.5924404997e+00 1.9921757544e+00 2.3683620542e+00 2.7028587856e+00 2.9801601701e+00 3.1876523360e+00 3.3159878298e+00
3.0235200216e+00 2.9801601701e+00 2.8520372305e+00 2.6449527949e+00 2.3683620542e+00 2.0351101496e+00 1.6612366808e+00 1.2662906351e+00 8.7593622279e-01 5.3625679920e-01 3.7639516594e-01 5.0605727835e-01 7.2362927815e-01 9.0870936118e-01 1.0277031835e+00 1.0684911422e+00 1.0277031835e+00 9.0870936118e-01 7.2362927815e-01 5.0605727835e-01 3.7639516594e-01 5.3625679920e-01 8.7593622279e-01 1.2662906351e+00 1.6612366808e+00 2.0351101496e+00 2.3683620542e+00 2.6449527949e+00 2.8520372305e+00 2.9801601701e+00
2.6449527949e+00 2.6017002326e+00 2.4739258512e+00 2.2675258148e+00 1.9921757544e+00 1.6612366808e+00 1.2921057874e+00 9.0870936118e-01 5.5581971750e-01 3.7639516594e-01 5.3625679920e-01 8.1265033999e-01 1.0684911422e+00 1.2662906351e+00 1.3901857410e+00 1.4323070122e+00 1.3901857410e+00 1.2662906351e+00 1.0684911422e+00 8.1265033999e-01 5.3625679920e-01 3.7639516594e-01 5.5581971750e-01 9.0870936118e-01 1.2921057874e+00 1.6612366808e+00 1.9921757544e+00 2.2675258148e+00 2.4739258512e+00 2.6017002326e+00
2.2408939791e+00 2.1978223675e+00 2.0706451542e+00 1.8654582637e+00 1.5924404997e+00 1.2662906351e+00 9.0870936118e-01 5.6257667484e-01 3.7639516594e-01 5.5581971750e-01 8.7593622279e-01 1.1902838489e+00 1.4583859855e+00 1.6612366808e+00 1.7873205953e+00 1.8300684177e+00 1.7873205953e+00 1.6612366808e+00 1.4583859855e+00 1.1902838489e+00 8.7593622279e-01 5.5581971750e-01 3.7639516594e-01 5.6257667484e-01 9.0870936118e-01 1.2662906351e+00 1.5924404997e+00 1.8654582637e+00 2.0706451542e+00 2.1978223675e+00
1.8300684177e+00 1.7873205953e+00 1.6612366808e+00 1.4583859855e+00 1.1902838489e+00 8.7593622279e-01 5.5581971750e-01 3.7639516594e-01 5.6257667484e-01 9.0870936118e-01 1.2662906351e+00 1.5924404997e+00 1.8654582637e+00 2.0706451542e+00 2.1978223675e+00 2.2408939791e+00 2.1978223675e+00 2.0706451542e+00 1.8654582637e+00 1.5924404997e+00 1.2662906351e+00 9.0870936118e-01 5.6257667484e-01 3.7639516594e-01 5.5581971750e-01 8.7593622279e-01 1.1902838489e+00 1.4583859855e+00 1.6612366808e+00 1.7873205953e+00
1.4323070122e+00 1.3901857410e+00 1.2662906351e+00 1.0684911422e+00 8.1265033999e-01 5.3625679920e-01 3.7639516594e-01 5.5581971750e-01 9.0870936118e-01 1.2921057874e+00 1.6612366808e+00 1.9921757544e+00 2.2675258148e+00 2.4739258512e+00 2.6017002326e+00 2.6449527949e+00 2.6017002326e+00 2.4739258512e+00 2.2675258148e+00 1.9921757544e+00 1.6612366808e+00 1.2921057874e+00 9.0870936118e-01 5.5581971750e-01 3.7639516594e-01 5.3625679920e-01 8.1265033999e-01 1.0684911422e+00 1.2662906351e+00 1.3901857410e+00
1.0684911422e+00 1.0277031835e+00 9.0870936118e-01 7.2362927815e-01 5.0605727835e-01 3.7639516594e-01 5.3625679920e-01 8.7593622279e-01 1.2662906351e+00 1.6612366808e+00 2.0351101496e+00 2.3683620542e+00 2.6449527949e+00 2.8520372305e+00 2.9801601701e+00 3.0235200216e+00 2.9801601701e+00 2.8520372305e+00 2.6449527949e+00 2.3683620542e+00 2.0351101496e+00 1.6612366808e+00 1.2662906351e+00 8.7593622279e-01 5.3625679920e-01 3.7639516594e-01 5.0605727835e-01 7.2362927815e-01 9.0870936118e-01 1.0277031835e+00
7.6129596317e-01 7.2362927815e-01 6.1695040243e-01 4.6898414381e-01 3.7639516594e-01 5.0605727835e-01 8.1265033999e-01 1.1902838489e+00 1.5924404997e+00 1.9921757544e+00 2.3683620542e+00 2.7028587856e+00 2.9801601701e+00 3.1876523360e+00 3.3159878298e+00 3.3594138247e+00 3.3159878298e+00 3.1876523360e+00 2.9801601701e+00 2.7028587856e+00 2.3683620542e+00 1.9921757544e+00 1.5924404997e+00 1.1902838489e+00 8.1265033999e-01 5.0605727835e-01 3.7639516594e-01 4.6898414381e-01 6.1695040243e-01 7.2362927815e-01
5.3625679920e-01 5.0605727835e-01 4.3055559394e-01 3.7639516594e-01 4.6898414381e-01 7.2362927815e-01 1.0684911422e+00 1.4583859855e+00 1.8654582637e+00 2.2675258148e+00 2.6449527949e+00 2.9801601701e+00 3.2578841717e+00 3.4656253296e+00 3.5940927201e+00 3.6375600703e+00 3.5940927201e+00 3.4656253296e+00 3.2578841717e+00 2.9801601701e+00 2.6449527949e+00 2.2675258148e+00 1.8654582637e+00 1.4583859855e+00 1.0684911422e+00 7.2362927815e-01 4.6898414381e-01 3.7639516594e-01 4.3055559394e-01 5.0605727835e-01
4.1421114485e-01 3.9795360095e-01 3.7639516594e-01 4.3055559394e-01 6.1695040243e-01 9.0870936118e-01 1.2662906351e+00 1.6612366808e+00 2.0706451542e+00 2.4739258512e+00 2.8520372305e+00 3.1876523360e+00 3.4656253296e+00 3.6735157781e+00 3.8020631017e+00 3.8455556419e+00 3.8020631017e+00 3.6735157781e+00 3.4656253296e+00 3.1876523360e+00 2.8520372305e+00 2.4739258512e+00 2.0706451542e+00 1.6612366808e+00 1.2662906351e+00 9.0870936118e-01 6.1695040243e-01 4.3055559394e-01 3.7639516594e-01 3.9795360095e-01
3.7892404299e-01 3.7639516594e-01 3.9795360095e-01 5.0605727835e-01 7.2362927815e-01 1.0277031835e+00 1.3901857410e+00 1.7873205953e+00 2.1978223675e+00 2.6017002326e+00 2.9801601701e+00 3.3159878298e+00 3.5940927201e+00 3.8020631017e+00 3.9306535057e+00 3.9741596649e+00 3.9306535057e+00 3.8020631017e+00 3.5940927201e+00 3.3159878298e+00 2.9801601701e+00 2.6017002326e+00 2.1978223675e+00 1.7873205953e+00 1.3901857410e+00 1.0277031835e+00 7.2362927815e-01 5.0605727835e-01 3.9795360095e-01 3.7639516594e-01
3.7639516594e-01 3.7892404299e-01 4.1421114485e-01 5.3625679920e-01 7.6129596317e-01 1.0684911422e+00 1.4323070122e+00 1.8300684177e+00 2.2408939791e+00 2.6449527949e+00 3.0235200216e+00 3.3594138247e+00 3.6375600703e+00 3.8455556419e+00 3.9741596649e+00 4.0176701359e+00 3.9741596649e+00 3.8455556419e+00 3.6375600703e+00 3.3594138247e+00 3.0235200216e+00 2.6449527949e+00 2.2408939791e+00 1.8300684177e+00 1.4323070122e+00 1.0684911422e+00 7.6129596317e-01 5.3625679920e-01 4.1421114485e-01 3.7892404299e-01
3.7892404299e-01 3.7639516594e-01 3.9795360095e-01 5.0605727835e-01 7.2362927815e-01 1.0277031835e+00 1.3901857410e+00 1.7873205953e+00 2.1978223675e+00 2.6017002326e+00 2.9801601701e+00 3.3159878298e+00 3.5940927201e+00 3.8020631017e+00 3.9306535057e+00 3.9741596649e+00 3.9306535057e+00 3.8020631017e+00 3.5940927201e+00 3.3159878298e+00 2.9801601701e+00 2.6017002326e+00 2.1978223675e+00 1.7873205953e+00 1.3901857410e+00 1.0277031835e+00 7.2362927815e-01 5.0605727835e-01 3.9795360095e-01 3.7639516594e-01
4.1421114485e-01 3.9795360095e-01 3.7639516594e-01 4.3055559394e-01 6.1695040243e-01 9.0870936118e-01 1.2662906351e+00 1.6612366808e+00 2.0706451542e+00 2.4739258512e+00 2.8520372305e+00 3.1876523360e+00 3.4656253296e+00 3.6735157781e+00 3.8020631017e+00 3.8455556419e+00 3.8020631017e+00 3.6735157781e+00 3.4656253296e+00 3.1876523360e+00 2.8520372305e+00 2.4739258512e+00 2.0706451542e+00 1.6612366808e+00 1.2662906351e+00 9.0870936118e-01 6.1695040243e-01 4.3055559394e-01 3.7639516594e-01 3.9795360095e-01
5.3625679920e-01 5.0605727835e-01 4.3055559394e-01 3.7639516594e-01 4.6898414381e-01 7.2362927815e-01 1.0684911422e+00 1.4583859855e+00 1.8654582637e+00 2.2675258148e+00 2.6449527949e+00 2.9801601701e+00 3.2578841717e+00 3.4656253296e+00 3.5940927201e+00 3.6375600703e+00 3.5940927201e+00 3.4656253296e+00 3.2578841717e+00 2.9801601701e+00 2.6449527949e+00 2.2675258148e+00 1.8654582637e+00 1.4583859855e+00 1.0684911422e+00 7.2362927815e-01 4.6898414381e-01 3.7639516594e-01 4.3055559394e-01 5.0605727835e-01
7.6129596317e-01 7.2362927815e-01 6.1695040243e-01 4.6898414381e-01 3.7639516594e-01 5.0605727835e-01 8.1265033999e-01 1.1902838489e+00 1.5924404997e+00 1.9921757544e+00 2.3683620542e+00 2.7028587856e+00 2.9801601701e+00 3.1876523360e+00 3.3159878298e+00 3.3594138247e+00 3.3159878298e+00 3.1876523360e+00 2.9801601701e+00 2.7028587856e+00 2.3683620542e+00 1.9921757544e+00 1.5924404997e+00 1.1902838489e+00 8.1265033999e-01 5.0605727835e-01 3.7639516594e-01 4.6898414381e-01 6.1695040243e-01 7.2362927815e-01
1.0684911422e+00 1.0277031835e+00 9.0870936118e-01 7.2362927815e-01 5.0605727835e-01 3.7639516594e-01 5.3625679920e-01 8.7593622279e-01 1.2662906351e+00 1.6612366808e+00 2.0351101496e+00 2.3683620542e+00 2.6449527949e+00 2.8520372305e+00 2.9801601701e+00 3.0235200216e+00 2.9801601701e+00 2.8520372305e+00 2.6449527949e+00 2.3683620542e+00 2.0351101496e+00 1.6612366808e+00 1.2662906351e+00 8.7593622279e-01 5.3625679920e-01 3.7639516594e-01 5.0605727835e-01 7.2362927815e-01 9.0870936118e-01 1.0277031835e+00
1.4323070122e+00 1.3901857410e+00 1.2662906351e+00 1.0684911422e+00 8.1265033999e-01 5.3625679920e-01 3.7639516594e-01 5.5581971750e-01 9.0870936118e-01 1.2921057874e+00 1.6612366808e+00 1.9921757544e+00 2.2675258148e+00 2.4739258512e+00 2.6017002326e+00 2.6449527949e+00 2.6017002326e+00 2.4739258512e+00 2.2675258148e+00 1.9921757544e+00 1.6612366808e+00 1.2921057874e+00 9.0870936118e-01 5.5581971750e-01 3.7639516594e-01 5.3625679920e-01 8.1265033999e-01 1.0684911422e+00 1.2662906351e+00 1.3901857410e+00
1.8300684177e+00 1.7873205953e+00 1.6612366808e+00 1.4583859855e+00 1.1902838489e+00 8.7593622279e-01 5.5581971750e-01 3.7639516594e-01 5.6257667484e-01 9.0870936118e-01 1.2662906351e+00 1.5924404997e+00 1.8654582637e+00 2.0706451542e+00 2.1978223675e+00 2.2408939791e+00 2.1978223675e+00 2.0706451542e+00 1.8654582637e+00 1.5924404997e+00 1.2662906351e+00 9.0870936118e-01 5.6257667484e-01 3.7639516594e-01 5.5581971750e-01 8.7593622279e-01 1.1902838489e+00 1.4583859855e+00 1.6612366808e+00 1.7873205953e+00
2.2408939791e+00 2.1978223675e+00 2.0706451542e+00 1.8654582637e+00 1.5924404997e+00 1.2662906351e+00 9.0870936118e-01 5.6257667484e-01 3.7639516594e-01 5.5581971750e-01 8.7593622279e-01 1.1902838489e+00 1.4583859855e+00 1.6612366808e+00 1.7873205953e+00 1.8300684177e+00 1.7873205953e+00 1.6612366808e+00 1.4583859855e+00 1.1902838489e+00 8.7593622279e-01 5.5581971750e-01 3.7639516594e-01 5.6257667484e-01 9.0870936118e-01 1.2662906351e+00 1.5924404997e+00 1.8654582637e+00 2.0706451542e+00 2.1978223675e+00
2.6449527949e+00 2.6017002326e+00 2.4739258512e+00 2.2675258148e+00 1.9921757544e+00 1.6612366808e+00 1.2921057874e+00 9.0870936118e-01 5.5581971750e-01 3.7639516594e-01 5.3625679920e-01 8.1265033999e-01 1.0684911422e+00 1.2662906351e+00 1.3901857410e+00 1.4323070122e+00 1.3901857410e+00 1.2662906351e+00 1.0684911422e+00 8.1265033999e-01 5.3625679920e-01 3.7639516594e-01 5.5581971750e-01 9.0870936118e-01 1.2921057874e+00 1.6612366808e+00 1.9921757544e+00 2.2675258148e+00 2.4739258512e+00 2.6017002326e+00
3.0235200216e+00 2.9801601701e+00 2.8520372305e+00 2.6449527949e+00 2.3683620542e+00 2.0351101496e+00 1.6612366808e+00 1.2662906351e+00 8.7593622279e-01 5.3625679920e-01 3.7639516594e-01 5.0605727835e-01 7.2362927815e-01 9.0870936118e-01 1.0277031835e+00 1.0684911422e+00 1.0277031835e+00 9.0870936118e-01 7.2362927815e-01 5.0605727835e-01 3.7639516594e-01 5.3625679920e-01 8.7593622279e-01 1.2662906351e+00 1.6612366808e+00 2.0351101496e+00 2.3683620542e+00 2.6449527949e+00 2.8520372305e+00 2.9801601701e+00
3.3594138247e+00 3.3159878298e+00 3.1876523360e+00 2.9801601701e+00 2.7028587856e+00 2.3683620542e+00 1.9921757544e+00 1.5924404997e+00 1.1902838489e+00 8.1265033999e-01 5.0605727835e-01 3.7639516594e-01 4.6898414381e-01 6.1695040243e-01 7.2362927815e-01 7.6129596317e-01 7.2362927815e-01 6.1695040243e-01 4.6898414381e-01 3.7639516594e-01 5.0605727835e-01 8.1265033999e-01 1.1902838489e+00 1.5924404997e+00 1.9921757544e+00 2.3683620542e+00 2.7028587856e+00 2.9801601701e+00 3.1876523360e+00 3.3159878298e+00
3.6375600703e+00 3.5940927201e+00 3.4656253296e+00 3.2578841717e+00 2.9801601701e+00 2.6449527949e+00 2.2675258148e+00 1.8654582637e+00 1.4583859855e+00 1.0684911422e+00 7.2362927815e-01 4.6898414381e-01 3.7639516594e-01 4.3055559394e-01 5.0605727835e-01 5.3625679920e-01 5.0605727835e-01 4.3055559394e-01 3.7639516594e-01 4.6898414381e-01 7.2362927815e-01 1.0684911422e+00 1.4583859855e+00 1.8654582637e+00 2.2675258148e+00 2.6449527949e+00 2.9801601701e+00 3.2578841717e+00 3.4656253296e+00 3.5940927201e+00
3.8455556419e+00 3.8020631017e+00 3.6735157781e+00 3.4656253296e+00 3.1876523360e+00 2.8520372305e+00 2.4739258512e+00 2.0706451542e+00 1.6612366808e+00 1.2662906351e+00 9.0870936118e-01 6.1695040243e-01 4.3055559394e-01 3.7639516594e-01 3.9795360095e-01 4.1421114485e-01 3.9795360095e-01 3.7639516594e-01 4.3055559394e-01 6.1695040243e-01 9.0870936118e-01 1.2662906351e+00 1.6612366808e+00 2.0706451542e+00 2.4739258512e+00 2.8520372305e+00 3.1876523360e+00 3.4656253296e+00 3.6735157781e+00 3.8020631017e+00
3.9741596649e+00 3.9306535057e+00 3.8020631017e+00 3.5940927201e+00 3.3159878298e+00 2.9801601701e+00 2.6017002326e+00 2.1978223675e+00 1.7873205953e+00 1.3901857410e+00 1.0277031835e+00 7.2362927815e-01 5.0605727835e-01 3.9795360095e-01 3.7639516594e-01 3.7892404299e-01 3.7639516594e-01 3.9795360095e-01 5.0605727835e-01 7.2362927815e-01 1.0277031835e+00 1.3901857410e+00 1.7873205953e+00 2.1978223675e+00 2.6017002326e+00 2.9801601701e+00 3.3159878298e+00 3.5940927201e+00 3.8020631017e+00 3.9306535057e+00
