# 2023-03-14 08:42:40
#
# U_MIN=-2.000000   U_MAX=-1.000000

-4.0176489767e+00 -3.9873989725e+00 -3.8975804229e+00 -3.7509607477e+00 -3.5520635130e+00 -3.3070391323e+00 -3.0234919051e+00 -2.7102722300e+00 -2.3772470381e+00 -2.0350683773e+00 -1.6949727542e+00 -1.3686684286e+00 -1.0684115782e+00 -8.0740700241e-01 -6.0036997822e-01 -4.6184420543e-01 -3.9503318887e-01 -3.7739437971e-01 -3.7616924431e-01 -3.7739437971e-01 -3.9503318887e-01 -4.6184420543e-01 -6.0036997822e-01 -8.0740700241e-01 -1.0684115782e+00 -1.3686684286e+00 -1.6949727542e+00 -2.0350683773e+00 -2.3772470381e+00 -2.7102722300e+00 -3.0234919051e+00 -3.3070391323e+00 -3.5520635130e+00 -3.7509607477e+00 -3.8975804229e+00 -3.9873989725e+00
-3.9873989725e+00 -3.9571510290e+00 -3.8673388855e+00 -3.7207306806e+00 -3.5218513528e+00 -3.2768536676e+00 -2.9933458794e+00 -2.6801851366e+00 -2.3472502793e+00 -2.0052153356e+00 -1.6653596390e+00 -1.3394801025e+00 -1.0400276582e+00 -7.8064999463e-01 -5.7700333048e-01 -4.4490480590e-01 -3.8683950287e-01 -3.7616924431e-01 -3.7739437971e-01 -3.7616924431e-01 -3.8683950287e-01 -4.4490480590e-01 -5.7700333048e-01 -7.8064999463e-01 -1.0400276582e+00 -1.3394801025e+00 -1.6653596390e+00 -2.0052153356e+00 -2.3472502793e+00 -2.6801851366e+00 -2.9933458794e+00 -3.2768536676e+00 -3.5218513528e+00 -3.7207306806e+00 -3.8673388855e+00 -3.9571510290e+00
-3.8975804229e+00 -3.8673388855e+00 -3.7775466702e+00 -3.6309741995e+00 -3.4321507871e+00 -3.1872367373e+00 -2.9038530730e+00 -2.5908789511e+00 -2.2582325466e+00 -1.9166617298e+00 -1.5775929943e+00 -1.2531372078e+00 -9.5646312185e-01 -7.0293217512e-01 -5.1197466616e-01 -4.0399348485e-01 -3.7616924431e-01 -3.8683950287e-01 -3.9503318887e-01 -3.8683950287e-01 -3.7616924431e-01 -4.0399348485e-01 -5.1197466616e-01 -7.0293217512e-01 -9.5646312185e-01 -1.2531372078e+00 -1.5775929943e+00 -1.9166617298e+00 -2.2582325466e+00 -2.5908789511e+00 -2.9038530730e+00 -3.1872367373e+00 -3.4321507871e+00 -3.6309741995e+00 -3.7775466702e+00 -3.8673388855e+00
-3.7509607477e+00 -3.7207306806e+00 -3.6309741995e+00 -3.4844659993e+00 -3.2857436359e+00 -3.0409817722e+00 -2.7578261213e+00 -2.4451992712e+00 -2.1130991279e+00 -1.7724286446e+00 -1.4349383936e+00 -1.1134762469e+00 -8.2304415752e-01 -5.8381825187e-01 -4.2601416683e-01 -3.7616924431e-01 -4.0399348485e-01 -4.4490480590e-01 -4.6184420543e-01 -4.4490480590e-01 -4.0399348485e-01 -3.7616924431e-01 -4.2601416683e-01 -5.8381825187e-01 -8.2304415752e-01 -1.1134762469e+00 -1.4349383936e+00 -1.7724286446e+00 -2.1130991279e+00 -2.4451992712e+00 -2.7578261213e+00 -3.0409817722e+00 -3.2857436359e+00 -3.4844659993e+00 -3.6309741995e+00 -3.7207306806e+00
-3.5520635130e+00 -3.5218513528e+00 -3.4321507871e+00 -3.2857436359e+00 -3.0871813555e+00 -2.8426632429e+00 -2.5598784011e+00 -2.2478282433e+00 -1.9166617298e+00 -1.5775929943e+00 -1.2430754771e+00 -9.2773365123e-01 -6.5163017366e-01 -4.4974691585e-01 -3.7616924431e-01 -4.2601416683e-01 -5.1197466616e-01 -5.7700333048e-01 -6.0036997822e-01 -5.7700333048e-01 -5.1197466616e-01 -4.2601416683e-01 -3.7616924431e-01 -4.4974691585e-01 -6.5163017366e-01 -9.2773365123e-01 -1.2430754771e+00 -1.5775929943e+00 -1.9166617298e+00 -2.2478282433e+00 -2.5598784011e+00 -2.8426632429e+00 -3.0871813555e+00 -3.2857436359e+00 -3.4321507871e+00 -3.5218513528e+00
-3.3070391323e+00 -3.2768536676e+00 -3.1872367373e+00 -3.0409817722e+00 -2.8426632429e+00 -2.5985222491e+00 -2.3163241103e+00 -2.0052153356e+00 -1.6756410355e+00 -1.3394801025e+00 -1.0108761186e+00 -7.0946992582e-01 -4.7228858369e-01 -3.7616924431e-01 -4.4974691585e-01 -5.8381825187e-01 -7.0293217512e-01 -7.8064999463e-01 -8.0740700241e-01 -7.8064999463e-01 -7.0293217512e-01 -5.8381825187e-01 -4.4974691585e-01 -3.7616924431e-01 -4.7228858369e-01 -7.0946992582e-01 -1.0108761186e+00 -1.3394801025e+00 -1.6756410355e+00 -2.0052153356e+00 -2.3163241103e+00 -2.5985222491e+00 -2.8426632429e+00 -3.0409817722e+00 -3.1872367373e+00 -3.2768536676e+00
-3.0234919051e+00 -2.9933458794e+00 -2.9038530730e+00 -2.7578261213e+00 -2.5598784011e+00 -2.3163241103e+00 -2.0350683773e+00 -1.7255419402e+00 -1.3988247815e+00 -1.0684115782e+00 -7.5334278262e-01 -4.9125740790e-01 -3.7616924431e-01 -4.7228858369e-01 -6.5163017366e-01 -8.2304415752e-01 -9.5646312185e-01 -1.0400276582e+00 -1.0684115782e+00 -1.0400276582e+00 -9.5646312185e-01 -8.2304415752e-01 -6.5163017366e-01 -4.7228858369e-01 -3.7616924431e-01 -4.9125740790e-01 -7.5334278262e-01 -1.0684115782e+00 -1.3988247815e+00 -1.7255419402e+00 -2.0350683773e+00 -2.3163241103e+00 -2.5598784011e+00 -2.7578261213e+00 -2.9038530730e+00 -2.9933458794e+00
-2.7102722300e+00 -2.6801851366e+00 -2.5908789511e+00 -2.4451992712e+00 -2.2478282433e+00 -2.0052153356e+00 -1.7255419402e+00 -1.4188543813e+00 -1.0977971440e+00 -7.8064999463e-01 -5.0487600026e-01 -3.7616924431e-01 -4.9125740790e-01 -7.0946992582e-01 -9.2773365123e-01 -1.1134762469e+00 -1.2531372078e+00 -1.3394801025e+00 -1.3686684286e+00 -1.3394801025e+00 -1.2531372078e+00 -1.1134762469e+00 -9.2773365123e-01 -7.0946992582e-01 -4.9125740790e-01 -3.7616924431e-01 -5.0487600026e-01 -7.8064999463e-01 -1.0977971440e+00 -1.4188543813e+00 -1.7255419402e+00 -2.0052153356e+00 -2.2478282433e+00 -2.4451992712e+00 -2.5908789511e+00 -2.6801851366e+00
-2.3772470381e+00 -2.3472502793e+00 -2.2582325466e+00 -2.1130991279e+00 -1.9166617298e+00 -1.6756410355e+00 -1.3988247815e+00 -1.0977971440e+00 -7.8991286486e-01 -5.1197466616e-01 -3.7616924431e-01 -5.0487600026e-01 -7.5334278262e-01 -1.0108761186e+00 -1.2430754771e+00 -1.4349383936e+00 -1.5775929943e+00 -1.6653596390e+00 -1.6949727542e+00 -1.6653596390e+00 -1.5775929943e+00 -1.4349383936e+00 -1.2430754771e+00 -1.0108761186e+00 -7.5334278262e-01 -5.0487600026e-01 -3.7616924431e-01 -5.1197466616e-01 -7.8991286486e-01 -1.0977971440e+00 -1.3988247815e+00 -1.6756410355e+00 -1.9166617298e+00 -2.1130991279e+00 -2.2582325466e+00 -2.3472502793e+00
-2.0350683773e+00 -2.0052153356e+00 -1.9166617298e+00 -1.7724286446e+00 -1.5775929943e+00 -1.3394801025e+00 -1.0684115782e+00 -7.8064999463e-01 -5.1197466616e-01 -3.7616924431e-01 -5.1197466616e-01 -7.8064999463e-01 -1.0684115782e+00 -1.3394801025e+00 -1.5775929943e+00 -1.7724286446e+00 -1.9166617298e+00 -2.0052153356e+00 -2.0350683773e+00 -2.0052153356e+00 -1.9166617298e+00 -1.7724286446e+00 -1.5775929943e+00 -1.3394801025e+00 -1.0684115782e+00 -7.8064999463e-01 -5.1197466616e-01 -3.7616924431e-01 -5.1197466616e-01 -7.8064999463e-01 -1.0684115782e+00 -1.3394801025e+00 -1.5775929943e+00 -1.7724286446e+00 -1.9166617298e+00 -2.0052153356e+00
-1.6949727542e+00 -1.6653596390e+00 -1.5775929943e+00 -1.4349383936e+00 -1.2430754771e+00 -1.0108761186e+00 -7.5334278262e-01 -5.0487600026e-01 -3.7616924431e-01 -5.1197466616e-01 -7.8991286486e-01 -1.0977971440e+00 -1.3988247815e+00 -1.6756410355e+00 -1.9166617298e+00 -2.1130991279e+00 -2.2582325466e+00 -2.3472502793e+00 -2.3772470381e+00 -2.3472502793e+00 -2.2582325466e+00 -2.1130991279e+00 -1.9166617298e+00 -1.6756410355e+00 -1.3988247815e+00 -1.0977971440e+00 -7.8991286486e-01 -5.1197466616e-01 -3.7616924431e-01 -5.0487600026e-01 -7.5334278262e-01 -1.0108761186e+00 -1.2430754771e+00 -1.4349383936e+00 -1.5775929943e+00 -1.6653596390e+00
-1.3686684286e+00 -1.3394801025e+00 -1.2531372078e+00 -1.1134762469e+00 -9.2773365123e-01 -7.0946992582e-01 -4.9125740790e-01 -3.7616924431e-01 -5.0487600026e-01 -7.8064999463e-01 -1.0977971440e+00 -1.4188543813e+00 -1.7255419402e+00 -2.0052153356e+00 -2.2478282433e+00 -2.4451992712e+00 -2.5908789511e+00 -2.6801851366e+00 -2.7102722300e+00 -2.6801851366e+00 -2.5908789511e+00 -2.4451992712e+00 -2.2478282433e+00 -2.0052153356e+00 -1.7255419402e+00 -1.4188543813e+00 -1.0977971440e+00 -7.8064999463e-01 -5.0487600026e-01 -3.7616924431e-01 -4.9125740790e-01 -7.0946992582e-01 -9.2773365123e-01 -1.1134762469e+00 -1.2531372078e+00 -1.3394801025e+00
-1.0684115782e+00 -1.0400276582e+00 -9.5646312185e-01 -8.2304415752e-01 -6.5163017366e-01 -4.7228858369e-01 -3.7616924431e-01 -4.9125740790e-01 -7.5334278262e-01 -1.0684115782e+00 -1.3988247815e+00 -1.7255419402e+00 -2.0350683773e+00 -2.3163241103e+00 -2.5598784011e+00 -2.7578261213e+00 -2.9038530730e+00 -2.9933458794e+00 -3.0234919051e+00 -2.9933458794e+00 -2.9038530730e+00 -2.7578261213e+00 -2.5598784011e+00 -2.3163241103e+00 -2.0350683773e+00 -1.7255419402e+00 -1.3988247815e+00 -1.0684115782e+00 -7.5334278262e-01 -4.9125740790e-01 -3.7616924431e-01 -4.7228858369e-01 -6.5163017366e-01 -8.2304415752e-01 -9.5646312185e-01 -1.0400276582e+00
-8.0740700241e-01 -7.8064999463e-01 -7.0293217512e-01 -5.8381825187e-01 -4.4974691585e-01 -3.7616924431e-01 -4.7228858369e-01 -7.0946992582e-01 -1.0108761186e+00 -1.3394801025e+00 -1.6756410355e+00 -2.0052153356e+00 -2.3163241103e+00 -2.5985222491e+00 -2.8426632429e+00 -3.0409817722e+00 -3.1872367373e+00 -3.2768536676e+00 -3.3070391323e+00 -3.2768536676e+00 -3.1872367373e+00 -3.0409817722e+00 -2.8426632429e+00 -2.5985222491e+00 -2.3163241103e+00 -2.0052153356e+00 -1.6756410355e+00 -1.3394801025e+00 -1.0108761186e+00 -7.0946992582e-01 -4.7228858369e-01 -3.7616924431e-01 -4.4974691585e-01 -5.8381825187e-01 -7.0293217512e-01 -7.8064999463e-01
-6.0036997822e-01 -5.7700333048e-01 -5.1197466616e-01 -4.2601416683e-01 -3.7616924431e-01 -4.4974691585e-01 -6.5163017366e-01 -9.2773365123e-01 -1.2430754771e+00 -1.5775929943e+00 -1.9166617298e+00 -2.2478282433e+00 -2.5598784011e+00 -2.8426632429e+00 -3.0871813555e+00 -3.2857436359e+00 -3.4321507871e+00 -3.5218513528e+00 -3.5520635130e+00 -3.5218513528e+00 -3.4321507871e+00 -3.2857436359e+00 -3.0871813555e+00 -2.8426632429e+00 -2.5598784011e+00 -2.2478282433e+00 -1.9166617298e+00 -1.5775929943e+00 -1.2430754771e+00 -9.2773365123e-01 -6.5163017366e-01 -4.4974691585e-01 -3.7616924431e-01 -4.2601416683e-01 -5.1197466616e-01 -5.7700333048e-01
-4.6184420543e-01 -4.4490480590e-01 -4.0399348485e-01 -3.7616924431e-01 -4.2601416683e-01 -5.8381825187e-01 -8.2304415752e-01 -1.1134762469e+00 -1.4349383936e+00 -1.7724286446e+00 -2.1130991279e+00 -2.4451992712e+00 -2.7578261213e+00 -3.0409817722e+00 -3.2857436359e+00 -3.4844659993e+00 -3.6309741995e+00 -3.7207306806e+00 -3.7509607477e+00 -3.7207306806e+00 -3.6309741995e+00 -3.4844659993e+00 -3.2857436359e+00 -3.0409817722e+00 -2.7578261213e+00 -2.4451992712e+00 -2.1130991279e+00 -1.7724286446e+00 -1.4349383936e+00 -1.1134762469e+00 -8.2304415752e-01 -5.8381825187e-01 -4.2601416683e-01 -3.7616924431e-01 -4.0399348485e-01 -4.4490480590e-01
-3.9503318887e-01 -3.8683950287e-01 -3.7616924431e-01 -4.0399348485e-01 -5.1197466616e-01 -7.0293217512e-01 -9.5646312185e-01 -1.2531372078e+00 -1.5775929943e+00 -1.9166617298e+00 -2.2582325466e+00 -2.5908789511e+00 -2.9038530730e+00 -3.1872367373e+00 -3.4321507871e+00 -3.6309741995e+00 -3.7775466702e+00 -3.8673388855e+00 -3.8975804229e+00 -3.8673388855e+00 -3.7775466702e+00 -3.6309741995e+00 -3.4321507871e+00 -3.1872367373e+00 -2.9038530730e+00 -2.5908789511e+00 -2.2582325466e+00 -1.9166617298e+00 -1.5775929943e+00 -1.2531372078e+00 -9.5646312185e-01 -7.0293217512e-01 -5.1197466616e-01 -4.0399348485e-01 -3.7616924431e-01 -3.8683950287e-01
-3.7739437971e-01 -3.7616924431e-01 -3.8683950287e-01 -4.4490480590e-01 -5.7700333048e-01 -7.8064999463e-01 -1.0400276582e+00 -1.3394801025e+00 -1.6653596390e+00 -2.0052153356e+00 -2.3472502793e+00 -2.6801851366e+00 -2.9933458794e+00 -3.2768536676e+00 -3.5218513528e+00 -3.7207306806e+00 -3.8673388855e+00 -3.9571510290e+00 -3.9873989725e+00 -3.9571510290e+00 -3.8673388855e+00 -3.7207306806e+00 -3.5218513528e+00 -3.2768536676e+00 -2.9933458794e+00 -2.6801851366e+00 -2.3472502793e+00 -2.0052153356e+00 -1.6653596390e+00 -1.3394801025e+00 -1.0400276582e+00 -7.8064999463e-01 -5.7700333048e-01 -4.4490480590e-01 -3.8683950287e-01 -3.7616924431e-01
-3.7616924431e-01 -3.7739437971e-01 -3.9503318887e-01 -4.6184420543e-01 -6.0036997822e-01 -8.0740700241e-01 -1.0684115782e+00 -1.3686684286e+00 -1.6949727542e+00 -2.0350683773e+00 -2.3772470381e+00 -2.7102722300e+00 -3.0234919051e+00 -3.3070391323e+00 -3.5520635130e+00 -3.7509607477e+00 -3.8975804229e+00 -3.9873989725e+00 -4.0176489767e+00 -3.9873989725e+00 -3.8975804229e+00 -3.7509607477e+00 -3.5520635130e+00 -3.3070391323e+00 -3.0234919051e+00 -2.7102722300e+00 -2.3772470381e+00 -2.0350683773e+00 -1.6949727542e+00 -1.3686684286e+00 -1.0684115782e+00 -8.0740700241e-01 -6.0036997822e-01 -4.6184420543e-01 -3.9503318887e-01 -3.7739437971e-01
-3.7739437971e-01 -3.7616924431e-01 -3.8683950287e-01 -4.4490480590e-01 -5.7700333048e-01 -7.8064999463e-01 -1.0400276582e+00 -1.3394801025e+00 -1.6653596390e+00 -2.0052153356e+00 -2.3472502793e+00 -2.6801851366e+00 -2.9933458794e+00 -3.2768536676e+00 -3.5218513528e+00 -3.7207306806e+00 -3.8673388855e+00 -3.9571510290e+00 -3.9873989725e+00 -3.9571510290e+00 -3.8673388855e+00 -3.7207306806e+00 -3.5218513528e+00 -3.2768536676e+00 -2.9933458794e+00 -2.6801851366e+00 -2.3472502793e+00 -2.0052153356e+00 -1.6653596390e+00 -1.3394801025e+00 -1.0400276582e+00 -7.8064999463e-01 -5.7700333048e-01 -4.4490480590e-01 -3.8683950287e-01 -3.7616924431e-01
-3.9503318887e-01 -3.8683950287e-01 -3.7616924431e-01 -4.0399348485e-01 -5.1197466616e-01 -7.0293217512e-01 -9.5646312185e-01 -1.2531372078e+00 -1.5775929943e+00 -1.9166617298e+00 -2.2582325466e+00 -2.5908789511e+00 -2.9038530730e+00 -3.1872367373e+00 -3.4321507871e+00 -3.6309741995e+00 -3.7775466702e+00 -3.8673388855e+00 -3.8975804229e+00 -3.8673388855e+00 -3.7775466702e+00 -3.6309741995e+00 -3.4321507871e+00 -3.1872367373e+00 -2.9038530730e+00 -2.5908789511e+00 -2.2582325466e+00 -1.9166617298e+00 -1.5775929943e+00 -1.2531372078e+00 -9.5646312185e-01 -7.0293217512e-01 -5.1197466616e-01 -4.0399348485e-01 -3.7616924431e-01 -3.8683950287e-01
-4.6184420543e-01 -4.4490480590e-01 -4.0399348485e-01 -3.7616924431e-01 -4.2601416683e-01 -5.8381825187e-01 -8.2304415752e-01 -1.1134762469e+00 -1.4349383936e+00 -1.7724286446e+00 -2.1130991279e+00 -2.4451992712e+00 -2.7578261213e+00 -3.0409817722e+00 -3.2857436359e+00 -3.4844659993e+00 -3.6309741995e+00 -3.7207306806e+00 -3.7509607477e+00 -3.7207306806e+00 -3.6309741995e+00 -3.4844659993e+00 -3.2857436359e+00 -3.0409817722e+00 -2.7578261213e+00 -2.4451992712e+00 -2.1130991279e+00 -1.7724286446e+00 -1.4349383936e+00 -1.1134762469e+00 -8.2304415752e-01 -5.8381825187e-01 -4.2601416683e-01 -3.7616924431e-01 -4.0399348485e-01 -4.4490480590e-01
-6.0036997822e-01 -5.7700333048e-01 -5.1197466616e-01 -4.2601416683e-01 -3.7616924431e-01 -4.4974691585e-01 -6.5163017366e-01 -9.2773365123e-01 -1.2430754771e+00 -1.5775929943e+00 -1.9166617298e+00 -2.2478282433e+00 -2.5598784011e+00 -2.8426632429e+00 -3.0871813555e+00 -3.2857436359e+00 -3.4321507871e+00 -3.5218513528e+00 -3.5520635130e+00 -3.5218513528e+00 -3.4321507871e+00 -3.2857436359e+00 -3.0871813555e+00 -2.8426632429e+00 -2.5598784011e+00 -2.2478282433e+00 -1.9166617298e+00 -1.5775929943e+00 -1.2430754771e+00 -9.2773365123e-01 -6.5163017366e-01 -4.4974691585e-01 -3.7616924431e-01 -4.2601416683e-01 -5.1197466616e-01 -5.7700333048e-01
-8.0740700241e-01 -7.8064999463e-01 -7.0293217512e-01 -5.8381825187e-01 -4.4974691585e-01 -3.7616924431e-01 -4.7228858369e-01 -7.0946992582e-01 -1.0108761186e+00 -1.3394801025e+00 -1.6756410355e+00 -2.0052153356e+00 -2.3163241103e+00 -2.5985222491e+00 -2.8426632429e+00 -3.0409817722e+00 -3.1872367373e+00 -3.2768536676e+00 -3.3070391323e+00 -3.2768536676e+00 -3.1872367373e+00 -3.0409817722e+00 -2.8426632429e+00 -2.5985222491e+00 -2.3163241103e+00 -2.0052153356e+00 -1.6756410355e+00 -1.3394801025e+00 -1.0108761186e+00 -7.0946992582e-01 -4.7228858369e-01 -3.7616924431e-01 -4.4974691585e-01 -5.8381825187e-01 -7.0293217512e-01 -7.8064999463e-01
-1.0684115782e+00 -1.0400276582e+00 -9.5646312185e-01 -8.2304415752e-01 -6.5163017366e-01 -4.7228858369e-01 -3.7616924431e-01 -4.9125740790e-01 -7.5334278262e-01 -1.0684115782e+00 -1.3988247815e+00 -1.7255419402e+00 -2.0350683773e+00 -2.3163241103e+00 -2.5598784011e+00 -2.7578261213e+00 -2.9038530730e+00 -2.9933458794e+00 -3.0234919051e+00 -2.9933458794e+00 -2.9038530730e+00 -2.7578261213e+00 -2.5598784011e+00 -2.3163241103e+00 -2.0350683773e+00 -1.7255419402e+00 -1.3988247815e+00 -1.0684115782e+00 -7.5334278262e-01 -4.9125740790e-01 -3.7616924431e-01 -4.7228858369e-01 -6.5163017366e-01 -8.2304415752e-01 -9.5646312185e-01 -1.0400276582e+00
-1.3686684286e+00 -1.3394801025e+00 -1.2531372078e+00 -1.1134762469e+00 -9.2773365123e-01 -7.0946992582e-01 -4.9125740790e-01 -3.7616924431e-01 -5.0487600026e-01 -7.8064999463e-01 -1.0977971440e+00 -1.4188543813e+00 -1.7255419402e+00 -2.0052153356e+00 -2.2478282433e+00 -2.4451992712e+00 -2.5908789511e+00 -2.6801851366e+00 -2.7102722300e+00 -2.6801851366e+00 -2.5908789511e+00 -2.4451992712e+00 -2.2478282433e+00 -2.0052153356e+00 -1.7255419402e+00 -1.4188543813e+00 -1.0977971440e+00 -7.8064999463e-01 -5.0487600026e-01 -3.7616924431e-01 -4.9125740790e-01 -7.0946992582e-01 -9.2773365123e-01 -1.1134762469e+00 -1.2531372078e+00 -1.3394801025e+00
-1.6949727542e+00 -1.6653596390e+00 -1.5775929943e+00 -1.4349383936e+00 -1.2430754771e+00 -1.0108761186e+00 -7.5334278262e-01 -5.0487600026e-01 -3.7616924431e-01 -5.1197466616e-01 -7.8991286486e-01 -1.0977971440e+00 -1.3988247815e+00 -1.6756410355e+00 -1.9166617298e+00 -2.1130991279e+00 -2.2582325466e+00 -2.3472502793e+00 -2.3772470381e+00 -2.3472502793e+00 -2.2582325466e+00 -2.1130991279e+00 -1.9166617298e+00 -1.6756410355e+00 -1.3988247815e+00 -1.0977971440e+00 -7.8991286486e-01 -5.1197466616e-01 -3.7616924431e-01 -5.0487600026e-01 -7.5334278262e-01 -1.0108761186e+00 -1.2430754771e+00 -1.4349383936e+00 -1.5775929943e+00 -1.6653596390e+00
-2.0350683773e+00 -2.0052153356e+00 -1.9166617298e+00 -1.7724286446e+00 -1.5775929943e+00 -1.3394801025e+00 -1.0684115782e+00 -7.8064999463e-01 -5.1197466616e-01 -3.7616924431e-01 -5.1197466616e-01 -7.8064999463e-01 -1.0684115782e+00 -1.3394801025e+00 -1.5775929943e+00 -1.7724286446e+00 -1.9166617298e+00 -2.0052153356e+00 -2.0350683773e+00 -2.0052153356e+00 -1.9166617298e+00 -1.7724286446e+00 -1.5775929943e+00 -1.3394801025e+00 -1.0684115782e+00 -7.8064999463e-01 -5.1197466616e-01 -3.7616924431e-01 -5.1197466616e-01 -7.8064999463e-01 -1.0684115782e+00 -1.3394801025e+00 -1.5775929943e+00 -1.7724286446e+00 -1.9166617298e+00 -2.0052153356e+00
-2.3772470381e+00 -2.3472502793e+00 -2.2582325466e+00 -2.1130991279e+00 -1.9166617298e+00 -1.6756410355e+00 -1.3988247815e+00 -1.0977971440e+00 -7.8991286486e-01 -5.1197466616e-01 -3.7616924431e-01 -5.0487600026e-01 -7.5334278262e-01 -1.0108761186e+00 -1.2430754771e+00 -1.4349383936e+00 -1.5775929943e+00 -1.6653596390e+00 -1.6949727542e+00 -1.6653596390e+00 -1.5775929943e+00 -1.4349383936e+00 -1.2430754771e+00 -1.0108761186e+00 -7.5334278262e-01 -5.0487600026e-01 -3.7616924431e-01 -5.1197466616e-01 -7.8991286486e-01 -1.0977971440e+00 -1.3988247815e+00 -1.6756410355e+00 -1.9166617298e+00 -2.1130991279e+00 -2.2582325466e+00 -2.3472502793e+00
-2.7102722300e+00 -2.6801851366e+00 -2.5908789511e+00 -2.4451992712e+00 -2.2478282433e+00 -2.0052153356e+00 -1.7255419402e+00 -1.4188543813e+00 -1.0977971440e+00 -7.8064999463e-01 -5.0487600026e-01 -3.7616924431e-01 -4.9125740790e-01 -7.0946992582e-01 -9.2773365123e-01 -1.1134762469e+00 -1.2531372078e+00 -1.3394801025e+00 -1.3686684286e+00 -1.3394801025e+00 -1.2531372078e+00 -1.1134762469e+00 -9.2773365123e-01 -7.0946992582e-01 -4.9125740790e-01 -3.7616924431e-01 -5.0487600026e-01 -7.8064999463e-01 -1.0977971440e+00 -1.4188543813e+00 -1.7255419402e+00 -2.0052153356e+00 -2.2478282433e+00 -2.4451992712e+00 -2.5908789511e+00 -2.6801851366e+00
-3.0234919051e+00 -2.9933458794e+00 -2.9038530730e+00 -2.7578261213e+00 -2.5598784011e+00 -2.3163241103e+00 -2.0350683773e+00 -1.7255419402e+00 -1.3988247815e+00 -1.0684115782e+00 -7.5334278262e-01 -4.9125740790e-01 -3.7616924431e-01 -4.7228858369e-01 -6.5163017366e-01 -8.2304415752e-01 -9.5646312185e-01 -1.0400276582e+00 -1.0684115782e+00 -1.0400276582e+00 -9.5646312185e-01 -8.2304415752e-01 -6.5163017366e-01 -4.7228858369e-01 -3.7616924431e-01 -4.9125740790e-01 -7.5334278262e-01 -1.0684115782e+00 -1.3988247815e+00 -1.7255419402e+00 -2.0350683773e+00 -2.3163241103e+00 -2.5598784011e+00 -2.7578261213e+00 -2.9038530730e+00 -2.9933458794e+00
-3.3070391323e+00 -3.2768536676e+00 -3.1872367373e+00 -3.0409817722e+00 -2.8426632429e+00 -2.5985222491e+00 -2.3163241103e+00 -2.0052153356e+00 -1.6756410355e+00 -1.3394801025e+00 -1.0108761186e+00 -7.0946992582e-01 -4.7228858369e-01 -3.7616924431e-01 -4.4974691585e-01 -5.8381825187e-01 -7.0293217512e-01 -7.8064999463e-01 -8.0740700241e-01 -7.8064999463e-01 -7.0293217512e-01 -5.8381825187e-01 -4.4974691585e-01 -3.7616924431e-01 -4.7228858369e-01 -7.0946992582e-01 -1.0108761186e+00 -1.3394801025e+00 -1.6756410355e+00 -2.0052153356e+00 -2.3163241103e+00 -2.5985222491e+00 -2.8426632429e+00 -3.0409817722e+00 -3.1872367373e+00 -3.2768536676e+00
-3.5520635130e+00 -3.5218513528e+00 -3.4321507871e+00 -3.2857436359e+00 -3.0871813555e+00 -2.8426632429e+00 -2.5598784011e+00 -2.2478282433e+00 -1.9166617298e+00 -1.5775929943e+00 -1.2430754771e+00 -9.2773365123e-01 -6.5163017366e-01 -4.4974691585e-01 -3.7616924431e-01 -4.2601416683e-01 -5.1197466616e-01 -5.7700333048e-01 -6.0036997822e-01 -5.7700333048e-01 -5.1197466616e-01 -4.2601416683e-01 -3.7616924431e-01 -4.4974691585e-01 -6.5163017366e-01 -9.2773365123e-01 -1.2430754771e+00 -1.5775929943e+00 -1.9166617298e+00 -2.2478282433e+00 -2.5598784011e+00 -2.8426632429e+00 -3.0871813555e+00 -3.2857436359e+00 -3.4321507871e+00 -3.5218513528e+00
-3.7509607477e+00 -3.7207306806e+00 -3.6309741995e+00 -3.4844659993e+00 -3.2857436359e+00 -3.0409817722e+00 -2.7578261213e+00 -2.4451992712e+00 -2.1130991279e+00 -1.7724286446e+00 -1.4349383936e+00 -1.1134762469e+00 -8.2304415752e-01 -5.8381825187e-01 -4.2601416683e-01 -3.7616924431e-01 -4.0399348485e-01 -4.4490480590e-01 -4.6184420543e-01 -4.4490480590e-01 -4.0399348485e-01 -3.7616924431e-01 -4.2601416683e-01 -5.8381825187e-01 -8.2304415752e-01 -1.1134762469e+00 -1.4349383936e+00 -1.7724286446e+00 -2.1130991279e+00 -2.4451992712e+00 -2.7578261213e+00 -3.0409817722e+00 -3.2857436359e+00 -3.4844659993e+00 -3.6309741995e+00 -3.7207306806e+00
-3.8975804229e+00 -3.8673388855e+00 -3.7775466702e+00 -3.6309741995e+00 -3.4321507871e+00 -3.1872367373e+00 -2.9038530730e+00 -2.5908789511e+00 -2.2582325466e+00 -1.9166617298e+00 -1.5775929943e+00 -1.2531372078e+00 -9.5646312185e-01 -7.0293217512e-01 -5.1197466616e-01 -4.0399348485e-01 -3.7616924431e-01 -3.8683950287e-01 -3.9503318887e-01 -3.8683950287e-01 -3.7616924431e-01 -4.0399348485e-01 -5.1197466616e-01 -7.0293217512e-01 -9.5646312185e-01 -1.2531372078e+00 -1.5775929943e+00 -1.9166617298e+00 -2.2582325466e+00 -2.5908789511e+00 -2.9038530730e+00 -3.1872367373e+00 -3.4321507871e+00 -3.6309741995e+00 -3.7775466702e+00 -3.8673388855e+00
-3.9873989725e+00 -3.9571510290e+00 -3.8673388855e+00 -3.7207306806e+00 -3.5218513528e+00 -3.2768536676e+00 -2.9933458794e+00 -2.6801851366e+00 -2.3472502793e+00 -2.0052153356e+00 -1.6653596390e+00 -1.3394801025e+00 -1.0400276582e+00 -7.8064999463e-01 -5.7700333048e-01 -4.4490480590e-01 -3.8683950287e-01 -3.7616924431e-01 -3.7739437971e-01 -3.7616924431e-01 -3.8683950287e-01 -4.4490480590e-01 -5.7700333048e-01 -7.8064999463e-01 -1.0400276582e+00 -1.3394801025e+00 -1.6653596390e+00 -2.0052153356e+00 -2.3472502793e+00 -2.6801851366e+00 -2.9933458794e+00 -3.2768536676e+00 -3.5218513528e+00 -3.7207306806e+00 -3.8673388855e+00 -3.9571510290e+00
4.0176489767e+00 3.9873989725e+00 3.8975804229e+00 3.7509607477e+00 3.5520635130e+00 3.3070391323e+00 3.0234919051e+00 2.7102722300e+00 2.3772470381e+00 2.0350683773e+00 1.6949727542e+00 1.3686684286e+00 1.0684115782e+00 8.0740700241e-01 6.0036997822e-01 4.6184420543e-01 3.9503318887e-01 3.7739437971e-01 3.7616924431e-01 3.7739437971e-01 3.9503318887e-01 4.6184420543e-01 6.0036997822e-01 8.0740700241e-01 1.0684115782e+00 1.3686684286e+00 1.6949727542e+00 2.0350683773e+00 2.3772470381e+00 2.7102722300e+00 3.0234919051e+00 3.3070391323e+00 3.5520635130e+00 3.7509607477e+00 3.8975804229e+00 3.9873989725e+00
3.9873989725e+00 3.9571510290e+00 3.8673388855e+00 3.7207306806e+00 3.5218513528e+00 3.2768536676e+00 2.9933458794e+00 2.6801851366e+00 2.3472502793e+00 2.0052153356e+00 1.6653596390e+00 1.3394801025e+00 1.0400276582e+00 7.8064999463e-01 5.7700333048e-01 4.4490480590e-01 3.8683950287e-01 3.7616924431e-01 3.7739437971e-01 3.7616924431e-01 3.8683950287e-01 4.4490480590e-01 5.7700333048e-01 7.8064999463e-01 1.0400276582e+00 1.3394801025e+00 1.6653596390e+00 2.0052153356e+00 2.3472502793e+00 2.6801851366e+00 2.9933458794e+00 3.2768536676e+00 3.5218513528e+00 3.7207306806e+00 3.8673388855e+00 3.9571510290e+00
3.8975804229e+00 3.8673388855e+00 3.7775466702e+00 3.6309741995e+00 3.4321507871e+00 3.1872367373e+00 2.9038530730e+00 2.5908789511e+00 2.2582325466e+00 1.9166617298e+00 1.5775929943e+00 1.2531372078e+00 9.5646312185e-01 7.0293217512e-01 5.1197466616e-01 4.0399348485e-01 3.7616924431e-01 3.8683950287e-01 3.9503318887e-01 3.8683950287e-01 3.7616924431e-01 4.0399348485e-01 5.1197466616e-01 7.0293217512e-01 9.5646312185e-01 1.2531372078e+00 1.5775929943e+00 1.9166617298e+00 2.2582325466e+00 2.5908789511e+00 2.9038530730e+00 3.1872367373e+00 3.4321507871e+00 3.6309741995e+00 3.7775466702e+00 3.8673388855e+00
3.7509607477e+00 3.7207306806e+00 3.6309741995e+00 3.4844659993e+00 3.2857436359e+00 3.0409817722e+00 2.7578261213e+00 2.4451992712e+00 2.1130991279e+00 1.7724286446e+00 1.4349383936e+00 1.1134762469e+00 8.2304415752e-01 5.8381825187e-01 4.2601416683e-01 3.7616924431e-01 4.0399348485e-01 4.4490480590e-01 4.6184420543e-01 4.4490480590e-01 4.0399348485e-01 3.7616924431e-01 4.2601416683e-01 5.8381825187e-01 8.2304415752e-01 1.1134762469e+00 1.4349383936e+00 1.7724286446e+00 2.1130991279e+00 2.4451992712e+00 2.7578261213e+00 3.0409817722e+00 3.2857436359e+00 3.4844659993e+00 3.6309741995e+00 3.7207306806e+00
3.5520635130e+00 3.5218513528e+00 3.4321507871e+00 3.2857436359e+00 3.0871813555e+00 2.8426632429e+00 2.5598784011e+00 2.2478282433e+00 1.9166617298e+00 1.5775929943e+00 1.2430754771e+00 9.2773365123e-01 6.5163017366e-01 4.4974691585e-01 3.7616924431e-01 4.2601416683e-01 5.1197466616e-01 5.7700333048e-01 6.0036997822e-01 5.7700333048e-01 5.1197466616e-01 4.2601416683e-01 3.7616924431e-01 4.4974691585e-01 6.5163017366e-01 9.2773365123e-01 1.2430754771e+00 1.5775929943e+00 1.9166617298e+00 2.2478282433e+00 2.5598784011e+00 2.8426632429e+00 3.0871813555e+00 3.2857436359e+00 3.4321507871e+00 3.5218513528e+00
3.3070391323e+00 3.2768536676e+00 3.1872367373e+00 3.0409817722e+00 2.8426632429e+00 2.5985222491e+00 2.3163241103e+00 2.0052153356e+00 1.6756410355e+00 1.3394801025e+00 1.0108761186e+00 7.0946992582e-01 4.7228858369e-01 3.7616924431e-01 4.4974691585e-01 5.8381825187e-01 7.0293217512e-01 7.8064999463e-01 8.0740700241e-01 7.8064999463e-01 7.0293217512e-01 5.8381825187e-01 4.4974691585e-01 3.7616924431e-01 4.7228858369e-01 7.0946992582e-01 1.0108761186e+00 1.3394801025e+00 1.6756410355e+00 2.0052153356e+00 2.3163241103e+00 2.5985222491e+00 2.8426632429e+00 3.0409817722e+00 3.1872367373e+00 3.2768536676e+00
3.0234919051e+00 2.9933458794e+00 2.9038530730e+00 2.7578261213e+00 2.5598784011e+00 2.3163241103e+00 2.0350683773e+00 1.7255419402e+00 1.3988247815e+00 1.0684115782e+00 7.5334278262e-01 4.9125740790e-01 3.7616924431e-01 4.7228858369e-01 6.5163017366e-01 8.2304415752e-01 9.5646312185e-01 1.0400276582e+00 1.0684115782e+00 1.0400276582e+00 9.5646312185e-01 8.2304415752e-01 6.5163017366e-01 4.7228858369e-01 3.7616924431e-01 4.9125740790e-01 7.5334278262e-01 1.0684115782e+00 1.3988247815e+00 1.7255419402e+00 2.0350683773e+00 2.3163241103e+00 2.5598784011e+00 2.7578261213e+00 2.9038530730e+00 2.9933458794e+00
2.7102722300e+00 2.6801851366e+00 2.5908789511e+00 2.4451992712e+00 2.2478282433e+00 2.0052153356e+00 1.7255419402e+00 1.4188543813e+00 1.0977971440e+00 7.8064999463e-01 5.0487600026e-01 3.7616924431e-01 4.9125740790e-01 7.0946992582e-01 9.2773365123e-01 1.1134762469e+00 1.2531372078e+00 1.3394801025e+00 1.3686684286e+00 1.3394801025e+00 1.2531372078e+00 1.1134762469e+00 9.2773365123e-01 7.0946992582e-01 4.9125740790e-01 3.7616924431e-01 5.0487600026e-01 7.8064999463e-01 1.0977971440e+00 1.4188543813e+00 1.7255419402e+00 2.0052153356e+00 2.2478282433e+00 2.4451992712e+00 2.5908789511e+00 2.6801851366e+00
2.3772470381e+00 2.3472502793e+00 2.2582325466e+00 2.1130991279e+00 1.9166617298e+00 1.6756410355e+00 1.3988247815e+00 1.0977971440e+00 7.8991286486e-01 5.1197466616e-01 3.7616924431e-01 5.0487600026e-01 7.5334278262e-01 1.0108761186e+00 1.2430754771e+00 1.4349383936e+00 1.5775929943e+00 1.6653596390e+00 1.6949727542e+00 1.6653596390e+00 1.5775929943e+00 1.4349383936e+00 1.2430754771e+00 1.0108761186e+00 7.5334278262e-01 5.0487600026e-01 3.7616924431e-01 5.1197466616e-01 7.8991286486e-01 1.0977971440e+00 1.3988247815e+00 1.6756410355e+00 1.9166617298e+00 2.1130991279e+00 2.2582325466e+00 2.3472502793e+00
2.0350683773e+00 2.0052153356e+00 1.9166617298e+00 1.7724286446e+00 1.5775929943e+00 1.3394801025e+00 1.0684115782e+00 7.8064999463e-01 5.1197466616e-01 3.7616924431e-01 5.1197466616e-01 7.8064999463e-01 1.0684115782e+00 1.3394801025e+00 1.5775929943e+00 1.7724286446e+00 1.9166617298e+00 2.0052153356e+00 2.0350683773e+00 2.0052153356e+00 1.9166617298e+00 1.7724286446e+00 1.5775929943e+00 1.3394801025e+00 1.0684115782e+00 7.8064999463e-01 5.1197466616e-01 3.7616924431e-01 5.1197466616e-01 7.8064999463e-01 1.0684115782e+00 1.3394801025e+00 1.5775929943e+00 1.7724286446e+00 1.9166617298e+00 2.0052153356e+00
1.6949727542e+00 1.6653596390e+00 1.5775929943e+00 1.4349383936e+00 1.2430754771e+00 1.0108761186e+00 7.5334278262e-01 5.0487600026e-01 3.7616924431e-01 5.1197466616e-01 7.8991286486e-01 1.0977971440e+00 1.3988247815e+00 1.6756410355e+00 1.9166617298e+00 2.1130991279e+00 2.2582325466e+00 2.3472502793e+00 2.3772470381e+00 2.3472502793e+00 2.2582325466e+00 2.1130991279e+00 1.9166617298e+00 1.6756410355e+00 1.3988247815e+00 1.0977971440e+00 7.8991286486e-01 5.1197466616e-01 3.7616924431e-01 5.0487600026e-01 7.5334278262e-01 1.0108761186e+00 1.2430754771e+00 1.4349383936e+00 1.5775929943e+00 1.6653596390e+00
1.3686684286e+00 1.3394801025e+00 1.2531372078e+00 1.1134762469e+00 9.2773365123e-01 7.0946992582e-01 4.9125740790e-01 3.7616924431e-01 5.0487600026e-01 7.8064999463e-01 1.0977971440e+00 1.4188543813e+00 1.7255419402e+00 2.0052153356e+00 2.2478282433e+00 2.4451992712e+00 2.5908789511e+00 2.6801851366e+00 2.7102722300e+00 2.6801851366e+00 2.5908789511e+00 2.4451992712e+00 2.2478282433e+00 2.0052153356e+00 1.7255419402e+00 1.4188543813e+00 1.0977971440e+00 7.8064999463e-01 5.0487600026e-01 3.7616924431e-01 4.9125740790e-01 7.0946992582e-01 9.2773365123e-01 1.1134762469e+00 1.2531372078e+00 1.3394801025e+00
1.0684115782e+00 1.0400276582e+00 9.5646312185e-01 8.2304415752e-01 6.5163017366e-01 4.7228858369e-01 3.7616924431e-01 4.9125740790e-01 7.5334278262e-01 1.0684115782e+00 1.3988247815e+00 1.7255419402e+00 2.0350683773e+00 2.3163241103e+00 2.5598784011e+00 2.7578261213e+00 2.9038530730e+00 2.9933458794e+00 3.0234919051e+00 2.9933458794e+00 2.9038530730e+00 2.7578261213e+00 2.5598784011e+00 2.3163241103e+00 2.0350683773e+00 1.7255419402e+00 1.3988247815e+00 1.0684115782e+00 7.5334278262e-01 4.9125740790e-01 3.7616924431e-01 4.7228858369e-01 6.5163017366e-01 8.2304415752e-01 9.5646312185e-01 1.0400276582e+00
8.0740700241e-01 7.8064999463e-01 7.0293217512e-01 5.8381825187e-01 4.4974691585e-01 3.7616924431e-01 4.7228858369e-01 7.0946992582e-01 1.0108761186e+00 1.3394801025e+00 1.6756410355e+00 2.0052153356e+00 2.3163241103e+00 2.5985222491e+00 2.8426632429e+00 3.0409817722e+00 3.1872367373e+00 3.2768536676e+00 3.3070391323e+00 3.2768536676e+00 3.1872367373e+00 3.0409817722e+00 2.8426632429e+00 2.5985222491e+00 2.3163241103e+00 2.0052153356e+00 1.6756410355e+00 1.3394801025e+00 1.0108761186e+00 7.0946992582e-01 4.7228858369e-01 3.7616924431e-01 4.4974691585e-01 5.8381825187e-01 7.0293217512e-01 7.8064999463e-01
6.0036997822e-01 5.7700333048e-01 5.1197466616e-01 4.2601416683e-01 3.7616924431e-01 4.4974691585e-01 6.5163017366e-01 9.2773365123e-01 1.2430754771e+00 1.5775929943e+00 1.9166617298e+00 2.2478282433e+00 2.5598784011e+00 2.8426632429e+00 3.0871813555e+00 3.2857436359e+00 3.4321507871e+00 3.5218513528e+00 3.5520635130e+00 3.5218513528e+00 3.4321507871e+00 3.2857436359e+00 3.0871813555e+00 2.8426632429e+00 2.5598784011e+00 2.2478282433e+00 1.9166617298e+00 1.5775929943e+00 1.2430754771e+00 9.2773365123e-01 6.5163017366e-01 4.4974691585e-01 3.7616924431e-01 4.2601416683e-01 5.1197466616e-01 5.7700333048e-01
4.6184420543e-01 4.4490480590e-01 4.0399348485e-01 3.7616924431e-01 4.2601416683e-01 5.8381825187e-01 8.2304415752e-01 1.1134762469e+00 1.4349383936e+00 1.7724286446e+00 2.1130991279e+00 2.4451992712e+00 2.7578261213e+00 3.0409817722e+00 3.2857436359e+00 3.4844659993e+00 3.6309741995e+00 3.7207306806e+00 3.7509607477e+00 3.7207306806e+00 3.6309741995e+00 3.4844659993e+00 3.2857436359e+00 3.0409817722e+00 2.7578261213e+00 2.4451992712e+00 2.1130991279e+00 1.7724286446e+00 1.4349383936e+00 1.1134762469e+00 8.2304415752e-01 5.8381825187e-01 4.2601416683e-01 3.7616924431e-01 4.0399348485e-01 4.4490480590e-01
3.9503318887e-01 3.8683950287e-01 3.7616924431e-01 4.0399348485e-01 5.1197466616e-01 7.0293217512e-01 9.5646312185e-01 1.2531372078e+00 1.5775929943e+00 1.9166617298e+00 2.2582325466e+00 2.5908789511e+00 2.9038530730e+00 3.1872367373e+00 3.4321507871e+00 3.6309741995e+00 3.7775466702e+00 3.8673388855e+00 3.8975804229e+00 3.8673388855e+00 3.7775466702e+00 3.6309741995e+00 3.4321507871e+00 3.1872367373e+00 2.9038530730e+00 2.5908789511e+00 2.2582325466e+00 1.9166617298e+00 1.5775929943e+00 1.2531372078e+00 9.5646312185e-01 7.0293217512e-01 5.1197466616e-01 4.0399348485e-01 3.7616924431e-01 3.8683950287e-01
3.7739437971e-01 3.7616924431e-01 3.8683950287e-01 4.4490480590e-01 5.7700333048e-01 7.8064999463e-01 1.0400276582e+00 1.3394801025e+00 1.6653596390e+00 2.0052153356e+00 2.3472502793e+00 2.6801851366e+00 2.9933458794e+00 3.2768536676e+00 3.5218513528e+00 3.7207306806e+00 3.8673388855e+00 3.9571510290e+00 3.9873989725e+00 3.9571510290e+00 3.8673388855e+00 3.7207306806e+00 3.5218513528e+00 3.2768536676e+00 2.9933458794e+00 2.6801851366e+00 2.3472502793e+00 2.0052153356e+00 1.6653596390e+00 1.3394801025e+00 1.0400276582e+00 7.8064999463e-01 5.7700333048e-01 4.4490480590e-01 3.8683950287e-01 3.7616924431e-01
3.7616924431e-01 3.7739437971e-01 3.9503318887e-01 4.6184420543e-01 6.0036997822e-01 8.0740700241e-01 1.0684115782e+00 1.3686684286e+00 1.6949727542e+00 2.0350683773e+00 2.3772470381e+00 2.7102722300e+00 3.0234919051e+00 3.3070391323e+00 3.5520635130e+00 3.7509607477e+00 3.8975804229e+00 3.9873989725e+00 4.0176489767e+00 3.9873989725e+00 3.8975804229e+00 3.7509607477e+00 3.5520635130e+00 3.3070391323e+00 3.0234919051e+00 2.7102722300e+00 2.3772470381e+00 2.0350683773e+00 1.6949727542e+00 1.3686684286e+00 1.0684115782e+00 8.0740700241e-01 6.0036997822e-01 4.6184420543e-01 3.9503318887e-01 3.7739437971e-01
3.7739437971e-01 3.7616924431e-01 3.8683950287e-01 4.4490480590e-01 5.7700333048e-01 7.8064999463e-01 1.0400276582e+00 1.3394801025e+00 1.6653596390e+00 2.0052153356e+00 2.3472502793e+00 2.6801851366e+00 2.9933458794e+00 3.2768536676e+00 3.5218513528e+00 3.7207306806e+00 3.8673388855e+00 3.9571510290e+00 3.9873989725e+00 3.9571510290e+00 3.8673388855e+00 3.7207306806e+00 3.5218513528e+00 3.2768536676e+00 2.9933458794e+00 2.6801851366e+00 2.3472502793e+00 2.0052153356e+00 1.6653596390e+00 1.3394801025e+00 1.0400276582e+00 7.8064999463e-01 5.7700333048e-01 4.4490480590e-01 3.8683950287e-01 3.7616924431e-01
3.9503318887e-01 3.8683950287e-01 3.7616924431e-01 4.0399348485e-01 5.1197466616e-01 7.0293217512e-01 9.5646312185e-01 1.2531372078e+00 1.5775929943e+00 1.9166617298e+00 2.2582325466e+00 2.5908789511e+00 2.9038530730e+00 3.1872367373e+00 3.4321507871e+00 3.6309741995e+00 3.7775466702e+00 3.8673388855e+00 3.8975804229e+00 3.8673388855e+00 3.7775466702e+00 3.6309741995e+00 3.4321507871e+00 3.1872367373e+00 2.9038530730e+00 2.5908789511e+00 2.2582325466e+00 1.9166617298e+00 1.5775929943e+00 1.2531372078e+00 9.5646312185e-01 7.0293217512e-01 5.1197466616e-01 4.0399348485e-01 3.7616924431e-01 3.8683950287e-01
4.6184420543e-01 4.4490480590e-01 4.0399348485e-01 3.7616924431e-01 4.2601416683e-01 5.8381825187e-01 8.2304415752e-01 1.1134762469e+00 1.4349383936e+00 1.7724286446e+00 2.1130991279e+00 2.4451992712e+00 2.7578261213e+00 3.0409817722e+00 3.2857436359e+00 3.4844659993e+00 3.6309741995e+00 3.7207306806e+00 3.7509607477e+00 3.7207306806e+00 3.6309741995e+00 3.4844659993e+00 3.2857436359e+00 3.0409817722e+00 2.7578261213e+00 2.4451992712e+00 2.1130991279e+00 1.7724286446e+00 1.4349383936e+00 1.1134762469e+00 8.2304415752e-01 5.8381825187e-01 4.2601416683e-01 3.7616924431e-01 4.0399348485e-01 4.4490480590e-01
6.0036997822e-01 5.7700333048e-01 5.1197466616e-01 4.2601416683e-01 3.7616924431e-01 4.4974691585e-01 6.5163017366e-01 9.2773365123e-01 1.2430754771e+00 1.5775929943e+00 1.9166617298e+00 2.2478282433e+00 2.5598784011e+00 2.8426632429e+00 3.0871813555e+00 3.2857436359e+00 3.4321507871e+00 3.5218513528e+00 3.5520635130e+00 3.5218513528e+00 3.4321507871e+00 3.2857436359e+00 3.0871813555e+00 2.8426632429e+00 2.5598784011e+00 2.2478282433e+00 1.9166617298e+00 1.5775929943e+00 1.2430754771e+00 9.2773365123e-01 6.5163017366e-01 4.4974691585e-01 3.7616924431e-01 4.2601416683e-01 5.1197466616e-01 5.7700333048e-01
8.0740700241e-01 7.8064999463e-01 7.0293217512e-01 5.8381825187e-01 4.4974691585e-01 3.7616924431e-01 4.7228858369e-01 7.0946992582e-01 1.0108761186e+00 1.3394801025e+00 1.6756410355e+00 2.0052153356e+00 2.3163241103e+00 2.5985222491e+00 2.8426632429e+00 3.0409817722e+00 3.1872367373e+00 3.2768536676e+00 3.3070391323e+00 3.2768536676e+00 3.1872367373e+00 3.0409817722e+00 2.8426632429e+00 2.5985222491e+00 2.3163241103e+00 2.0052153356e+00 1.6756410355e+00 1.3394801025e+00 1.0108761186e+00 7.0946992582e-01 4.7228858369e-01 3.7616924431e-01 4.4974691585e-01 5.8381825187e-01 7.0293217512e-01 7.8064999463e-01
1.0684115782e+00 1.0400276582e+00 9.5646312185e-01 8.2304415752e-01 6.5163017366e-01 4.7228858369e-01 3.7616924431e-01 4.9125740790e-01 7.5334278262e-01 1.0684115782e+00 1.3988247815e+00 1.7255419402e+00 2.0350683773e+00 2.3163241103e+00 2.5598784011e+00 2.7578261213e+00 2.9038530730e+00 2.9933458794e+00 3.0234919051e+00 2.9933458794e+00 2.9038530730e+00 2.7578261213e+00 2.5598784011e+00 2.3163241103e+00 2.0350683773e+00 1.7255419402e+00 1.3988247815e+00 1.0684115782e+00 7.5334278262e-01 4.9125740790e-01 3.7616924431e-01 4.7228858369e-01 6.5163017366e-01 8.2304415752e-01 9.5646312185e-01 1.0400276582e+00
1.3686684286e+00 1.3394801025e+00 1.2531372078e+00 1.1134762469e+00 9.2773365123e-01 7.0946992582e-01 4.9125740790e-01 3.7616924431e-01 5.0487600026e-01 7.8064999463e-01 1.0977971440e+00 1.4188543813e+00 1.7255419402e+00 2.0052153356e+00 2.2478282433e+00 2.4451992712e+00 2.5908789511e+00 2.6801851366e+00 2.7102722300e+00 2.6801851366e+00 2.5908789511e+00 2.4451992712e+00 2.2478282433e+00 2.0052153356e+00 1.7255419402e+00 1.4188543813e+00 1.0977971440e+00 7.8064999463e-01 5.0487600026e-01 3.7616924431e-01 4.9125740790e-01 7.0946992582e-01 9.2773365123e-01 1.1134762469e+00 1.2531372078e+00 1.3394801025e+00
1.6949727542e+00 1.6653596390e+00 1.5775929943e+00 1.4349383936e+00 1.2430754771e+00 1.0108761186e+00 7.5334278262e-01 5.0487600026e-01 3.7616924431e-01 5.1197466616e-01 7.8991286486e-01 1.0977971440e+00 1.3988247815e+00 1.6756410355e+00 1.9166617298e+00 2.1130991279e+00 2.2582325466e+00 2.3472502793e+00 2.3772470381e+00 2.3472502793e+00 2.2582325466e+00 2.1130991279e+00 1.9166617298e+00 1.6756410355e+00 1.3988247815e+00 1.0977971440e+00 7.8991286486e-01 5.1197466616e-01 3.7616924431e-01 5.0487600026e-01 7.5334278262e-01 1.0108761186e+00 1.2430754771e+00 1.4349383936e+00 1.5775929943e+00 1.6653596390e+00
2.0350683773e+00 2.0052153356e+00 1.9166617298e+00 1.7724286446e+00 1.5775929943e+00 1.3394801025e+00 1.0684115782e+00 7.8064999463e-01 5.1197466616e-01 3.7616924431e-01 5.1197466616e-01 7.8064999463e-01 1.0684115782e+00 1.3394801025e+00 1.5775929943e+00 1.7724286446e+00 1.9166617298e+00 2.0052153356e+00 2.0350683773e+00 2.0052153356e+00 1.9166617298e+00 1.7724286446e+00 1.5775929943e+00 1.3394801025e+00 1.0684115782e+00 7.8064999463e-01 5.1197466616e-01 3.7616924431e-01 5.1197466616e-01 7.8064999463e-01 1.0684115782e+00 1.3394801025e+00 1.5775929943e+00 1.7724286446e+00 1.9166617298e+00 2.0052153356e+00
2.3772470381e+00 2.3472502793e+00 2.2582325466e+00 2.1130991279e+00 1.9166617298e+00 1.6756410355e+00 1.3988247815e+00 1.0977971440e+00 7.8991286486e-01 5.1197466616e-01 3.7616924431e-01 5.0487600026e-01 7.5334278262e-01 1.0108761186e+00 1.2430754771e+00 1.4349383936e+00 1.5775929943e+00 1.6653596390e+00 1.6949727542e+00 1.6653596390e+00 1.5775929943e+00 1.4349383936e+00 1.2430754771e+00 1.0108761186e+00 7.5334278262e-01 5.0487600026e-01 3.7616924431e-01 5.1197466616e-01 7.8991286486e-01 1.0977971440e+00 1.3988247815e+00 1.6756410355e+00 1.9166617298e+00 2.1130991279e+00 2.2582325466e+00 2.3472502793e+00
2.7102722300e+00 2.6801851366e+00 2.5908789511e+00 2.4451992712e+00 2.2478282433e+00 2.0052153356e+00 1.7255419402e+00 1.4188543813e+00 1.0977971440e+00 7.8064999463e-01 5.0487600026e-01 3.7616924431e-01 4.9125740790e-01 7.0946992582e-01 9.2773365123e-01 1.1134762469e+00 1.2531372078e+00 1.3394801025e+00 1.3686684286e+00 1.3394801025e+00 1.2531372078e+00 1.1134762469e+00 9.2773365123e-01 7.0946992582e-01 4.9125740790e-01 3.7616924431e-01 5.0487600026e-01 7.8064999463e-01 1.0977971440e+00 1.4188543813e+00 1.7255419402e+00 2.0052153356e+00 2.2478282433e+00 2.4451992712e+00 2.5908789511e+00 2.6801851366e+00
3.0234919051e+00 2.9933458794e+00 2.9038530730e+00 2.7578261213e+00 2.5598784011e+00 2.3163241103e+00 2.0350683773e+00 1.7255419402e+00 1.3988247815e+00 1.0684115782e+00 7.5334278262e-01 4.9125740790e-01 3.7616924431e-01 4.7228858369e-01 6.5163017366e-01 8.2304415752e-01 9.5646312185e-01 1.0400276582e+00 1.0684115782e+00 1.0400276582e+00 9.5646312185e-01 8.2304415752e-01 6.5163017366e-01 4.7228858369e-01 3.7616924431e-01 4.9125740790e-01 7.5334278262e-01 1.0684115782e+00 1.3988247815e+00 1.7255419402e+00 2.0350683773e+00 2.3163241103e+00 2.5598784011e+00 2.7578261213e+00 2.9038530730e+00 2.9933458794e+00
3.3070391323e+00 3.2768536676e+00 3.1872367373e+00 3.0409817722e+00 2.8426632429e+00 2.5985222491e+00 2.3163241103e+00 2.0052153356e+00 1.6756410355e+00 1.3394801025e+00 1.0108761186e+00 7.0946992582e-01 4.7228858369e-01 3.7616924431e-01 4.4974691585e-01 5.8381825187e-01 7.0293217512e-01 7.8064999463e-01 8.0740700241e-01 7.8064999463e-01 7.0293217512e-01 5.8381825187e-01 4.4974691585e-01 3.7616924431e-01 4.7228858369e-01 7.0946992582e-01 1.0108761186e+00 1.3394801025e+00 1.6756410355e+00 2.0052153356e+00 2.3163241103e+00 2.5985222491e+00 2.8426632429e+00 3.0409817722e+00 3.1872367373e+00 3.2768536676e+00
3.5520635130e+00 3.5218513528e+00 3.4321507871e+00 3.2857436359e+00 3.0871813555e+00 2.8426632429e+00 2.5598784011e+00 2.2478282433e+00 1.9166617298e+00 1.5775929943e+00 1.2430754771e+00 9.2773365123e-01 6.5163017366e-01 4.4974691585e-01 3.7616924431e-01 4.2601416683e-01 5.1197466616e-01 5.7700333048e-01 6.0036997822e-01 5.7700333048e-01 5.1197466616e-01 4.2601416683e-01 3.7616924431e-01 4.4974691585e-01 6.5163017366e-01 9.2773365123e-01 1.2430754771e+00 1.5775929943e+00 1.9166617298e+00 2.2478282433e+00 2.5598784011e+00 2.8426632429e+00 3.0871813555e+00 3.2857436359e+00 3.4321507871e+00 3.5218513528e+00
3.7509607477e+00 3.7207306806e+00 3.6309741995e+00 3.4844659993e+00 3.2857436359e+00 3.0409817722e+00 2.7578261213e+00 2.4451992712e+00 2.1130991279e+00 1.7724286446e+00 1.4349383936e+00 1.1134762469e+00 8.2304415752e-01 5.8381825187e-01 4.2601416683e-01 3.7616924431e-01 4.0399348485e-01 4.4490480590e-01 4.6184420543e-01 4.4490480590e-01 4.0399348485e-01 3.7616924431e-01 4.2601416683e-01 5.8381825187e-01 8.2304415752e-01 1.1134762469e+00 1.4349383936e+00 1.7724286446e+00 2.1130991279e+00 2.4451992712e+00 2.7578261213e+00 3.0409817722e+00 3.2857436359e+00 3.4844659993e+00 3.6309741995e+00 3.7207306806e+00
3.8975804229e+00 3.8673388855e+00 3.7775466702e+00 3.6309741995e+00 3.4321507871e+00 3.1872367373e+00 2.9038530730e+00 2.5908789511e+00 2.2582325466e+00 1.9166617298e+00 1.5775929943e+00 1.2531372078e+00 9.5646312185e-01 7.0293217512e-01 5.1197466616e-01 4.0399348485e-01 3.7616924431e-01 3.8683950287e-01 3.9503318887e-01 3.8683950287e-01 3.7616924431e-01 4.0399348485e-01 5.1197466616e-01 7.0293217512e-01 9.5646312185e-01 1.2531372078e+00 1.5775929943e+00 1.9166617298e+00 2.2582325466e+00 2.5908789511e+00 2.9038530730e+00 3.1872367373e+00 3.4321507871e+00 3.6309741995e+00 3.7775466702e+00 3.8673388855e+00
3.9873989725e+00 3.9571510290e+00 3.8673388855e+00 3.7207306806e+00 3.5218513528e+00 3.2768536676e+00 2.9933458794e+00 2.6801851366e+00 2.3472502793e+00 2.0052153356e+00 1.6653596390e+00 1.3394801025e+00 1.0400276582e+00 7.8064999463e-01 5.7700333048e-01 4.4490480590e-01 3.8683950287e-01 3.7616924431e-01 3.7739437971e-01 3.7616924431e-01 3.8683950287e-01 4.4490480590e-01 5.7700333048e-01 7.8064999463e-01 1.0400276582e+00 1.3394801025e+00 1.6653596390e+00 2.0052153356e+00 2.3472502793e+00 2.6801851366e+00 2.9933458794e+00 3.2768536676e+00 3.5218513528e+00 3.7207306806e+00 3.8673388855e+00 3.9571510290e+00
