# 2023-03-14 11:31:19
#
# U_MIN=-2.000000   U_MAX=-1.000000

-4.0187970277e+00 -3.8217090544e+00 -3.2701079640e+00 -2.4756735014e+00 -1.6026928408e+00 -8.4721264549e-01 -4.3584195525e-01 -3.8823903650e-01 -4.3584195525e-01 -8.4721264549e-01 -1.6026928408e+00 -2.4756735014e+00 -3.2701079640e+00 -3.8217090544e+00
-3.8217090544e+00 -3.6247272952e+00 -3.0735364798e+00 -2.2802734242e+00 -1.4113454381e+00 -6.7727991099e-01 -3.8823903650e-01 -4.3584195525e-01 -3.8823903650e-01 -6.7727991099e-01 -1.4113454381e+00 -2.2802734242e+00 -3.0735364798e+00 -3.6247272952e+00
-3.2701079640e+00 -3.0735364798e+00 -2.5239972420e+00 -1.7359914199e+00 -8.9097344605e-01 -3.8823903650e-01 -6.7727991099e-01 -8.4721264549e-01 -6.7727991099e-01 -3.8823903650e-01 -8.9097344605e-01 -1.7359914199e+00 -2.5239972420e+00 -3.0735364798e+00
-2.4756735014e+00 -2.2802734242e+00 -1.7359914199e+00 -9.7107085542e-01 -3.8823903650e-01 -8.9097344605e-01 -1.4113454381e+00 -1.6026928408e+00 -1.4113454381e+00 -8.9097344605e-01 -3.8823903650e-01 -9.7107085542e-01 -1.7359914199e+00 -2.2802734242e+00
-1.6026928408e+00 -1.4113454381e+00 -8.9097344605e-01 -3.8823903650e-01 -9.7107085542e-01 -1.7359914199e+00 -2.2802734242e+00 -2.4756735014e+00 -2.2802734242e+00 -1.7359914199e+00 -9.7107085542e-01 -3.8823903650e-01 -8.9097344605e-01 -1.4113454381e+00
-8.4721264549e-01 -6.7727991099e-01 -3.8823903650e-01 -8.9097344605e-01 -1.7359914199e+00 -2.5239972420e+00 -3.0735364798e+00 -3.2701079640e+00 -3.0735364798e+00 -2.5239972420e+00 -1.7359914199e+00 -8.9097344605e-01 -3.8823903650e-01 -6.7727991099e-01
-4.3584195525e-01 -3.8823903650e-01 -6.7727991099e-01 -1.4113454381e+00 -2.2802734242e+00 -3.0735364798e+00 -3.6247272952e+00 -3.8217090544e+00 -3.6247272952e+00 -3.0735364798e+00 -2.2802734242e+00 -1.4113454381e+00 -6.7727991099e-01 -3.8823903650e-01
-3.8823903650e-01 -4.3584195525e-01 -8.4721264549e-01 -1.6026928408e+00 -2.4756735014e+00 -3.2701079640e+00 -3.8217090544e+00 -4.0187970277e+00 -3.8217090544e+00 -3.2701079640e+00 -2.4756735014e+00 -1.6026928408e+00 -8.4721264549e-01 -4.3584195525e-01
-4.3584195525e-01 -3.8823903650e-01 -6.7727991099e-01 -1.4113454381e+00 -2.2802734242e+00 -3.0735364798e+00 -3.6247272952e+00 -3.8217090544e+00 -3.6247272952e+00 -3.0735364798e+00 -2.2802734242e+00 -1.4113454381e+00 -6.7727991099e-01 -3.8823903650e-01
-8.4721264549e-01 -6.7727991099e-01 -3.8823903650e-01 -8.9097344605e-01 -1.7359914199e+00 -2.5239972420e+00 -3.0735364798e+00 -3.2701079640e+00 -3.0735364798e+00 -2.5239972420e+00 -1.7359914199e+00 -8.9097344605e-01 -3.8823903650e-01 -6.7727991099e-01
-1.6026928408e+00 -1.4113454381e+00 -8.9097344605e-01 -3.8823903650e-01 -9.7107085542e-01 -1.7359914199e+00 -2.2802734242e+00 -2.4756735014e+00 -2.2802734242e+00 -1.7359914199e+00 -9.7107085542e-01 -3.8823903650e-01 -8.9097344605e-01 -1.4113454381e+00
-2.4756735014e+00 -2.2802734242e+00 -1.7359914199e+00 -9.7107085542e-01 -3.8823903650e-01 -8.9097344605e-01 -1.4113454381e+00 -1.6026928408e+00 -1.4113454381e+00 -8.9097344605e-01 -3.8823903650e-01 -9.7107085542e-01 -1.7359914199e+00 -2.2802734242e+00
-3.2701079640e+00 -3.0735364798e+00 -2.5239972420e+00 -1.7359914199e+00 -8.9097344605e-01 -3.8823903650e-01 -6.7727991099e-01 -8.4721264549e-01 -6.7727991099e-01 -3.8823903650e-01 -8.9097344605e-01 -1.7359914199e+00 -2.5239972420e+00 -3.0735364798e+00
-3.8217090544e+00 -3.6247272952e+00 -3.0735364798e+00 -2.2802734242e+00 -1.4113454381e+00 -6.7727991099e-01 -3.8823903650e-01 -4.3584195525e-01 -3.8823903650e-01 -6.7727991099e-01 -1.4113454381e+00 -2.2802734242e+00 -3.0735364798e+00 -3.6247272952e+00
4.0187970277e+00 3.8217090544e+00 3.2701079640e+00 2.4756735014e+00 1.6026928408e+00 8.4721264549e-01 4.3584195525e-01 3.8823903650e-01 4.3584195525e-01 8.4721264549e-01 1.6026928408e+00 2.4756735014e+00 3.2701079640e+00 3.8217090544e+00
3.8217090544e+00 3.6247272952e+00 3.0735364798e+00 2.2802734242e+00 1.4113454381e+00 6.7727991099e-01 3.8823903650e-01 4.3584195525e-01 3.8823903650e-01 6.7727991099e-01 1.4113454381e+00 2.2802734242e+00 3.0735364798e+00 3.6247272952e+00
3.2701079640e+00 3.0735364798e+00 2.5239972420e+00 1.7359914199e+00 8.9097344605e-01 3.8823903650e-01 6.7727991099e-01 8.4721264549e-01 6.7727991099e-01 3.8823903650e-01 8.9097344605e-01 1.7359914199e+00 2.5239972420e+00 3.0735364798e+00
2.4756735014e+00 2.2802734242e+00 1.7359914199e+00 9.7107085542e-01 3.8823903650e-01 8.9097344605e-01 1.4113454381e+00 1.6026928408e+00 1.4113454381e+00 8.9097344605e-01 3.8823903650e-01 9.7107085542e-01 1.7359914199e+00 2.2802734242e+00
1.6026928408e+00 1.4113454381e+00 8.9097344605e-01 3.8823903650e-01 9.7107085542e-01 1.7359914199e+00 2.2802734242e+00 2.4756735014e+00 2.2802734242e+00 1.7359914199e+00 9.7107085542e-01 3.8823903650e-01 8.9097344605e-01 1.4113454381e+00
8.4721264549e-01 6.7727991099e-01 3.8823903650e-01 8.9097344605e-01 1.7359914199e+00 2.5239972420e+00 3.0735364798e+00 3.2701079640e+00 3.0735364798e+00 2.5239972420e+00 1.7359914199e+00 8.9097344605e-01 3.8823903650e-01 6.7727991099e-01
4.3584195525e-01 3.8823903650e-01 6.7727991099e-01 1.4113454381e+00 2.2802734242e+00 3.0735364798e+00 3.6247272952e+00 3.8217090544e+00 3.6247272952e+00 3.0735364798e+00 2.2802734242e+00 1.4113454381e+00 6.7727991099e-01 3.8823903650e-01
3.8823903650e-01 4.3584195525e-01 8.4721264549e-01 1.6026928408e+00 2.4756735014e+00 3.2701079640e+00 3.8217090544e+00 4.0187970277e+00 3.8217090544e+00 3.2701079640e+00 2.4756735014e+00 1.6026928408e+00 8.4721264549e-01 4.3584195525e-01
4.3584195525e-01 3.8823903650e-01 6.7727991099e-01 1.4113454381e+00 2.2802734242e+00 3.0735364798e+00 3.6247272952e+00 3.8217090544e+00 3.6247272952e+00 3.0735364798e+00 2.2802734242e+00 1.4113454381e+00 6.7727991099e-01 3.8823903650e-01
8.4721264549e-01 6.7727991099e-01 3.8823903650e-01 8.9097344605e-01 1.7359914199e+00 2.5239972420e+00 3.0735364798e+00 3.2701079640e+00 3.0735364798e+00 2.5239972420e+00 1.7359914199e+00 8.9097344605e-01 3.8823903650e-01 6.7727991099e-01
1.6026928408e+00 1.4113454381e+00 8.9097344605e-01 3.8823903650e-01 9.7107085542e-01 1.7359914199e+00 2.2802734242e+00 2.4756735014e+00 2.2802734242e+00 1.7359914199e+00 9.7107085542e-01 3.8823903650e-01 8.9097344605e-01 1.4113454381e+00
2.4756735014e+00 2.2802734242e+00 1.7359914199e+00 9.7107085542e-01 3.8823903650e-01 8.9097344605e-01 1.4113454381e+00 1.6026928408e+00 1.4113454381e+00 8.9097344605e-01 3.8823903650e-01 9.7107085542e-01 1.7359914199e+00 2.2802734242e+00
3.2701079640e+00 3.0735364798e+00 2.5239972420e+00 1.7359914199e+00 8.9097344605e-01 3.8823903650e-01 6.7727991099e-01 8.4721264549e-01 6.7727991099e-01 3.8823903650e-01 8.9097344605e-01 1.7359914199e+00 2.5239972420e+00 3.0735364798e+00
3.8217090544e+00 3.6247272952e+00 3.0735364798e+00 2.2802734242e+00 1.4113454381e+00 6.7727991099e-01 3.8823903650e-01 4.3584195525e-01 3.8823903650e-01 6.7727991099e-01 1.4113454381e+00 2.2802734242e+00 3.0735364798e+00 3.6247272952e+00
