0 1.5 0.5
0 4.5 0.5
0 2.9999 0.5
0 3.0001 0.5
0 2.95 0.5
0 3.05 0.5
0 2.9 0.5
0 3.1 0.5
0 2.85 0.5
0 3.15 0.5
0 2.8 0.5
0 3.2 0.5
0 2.75 0.5
0 3.25 0.5
0 2.7 0.5
0 3.3 0.5
0 2.65 0.5
0 3.35 0.5
0 2.6 0.5
0 3.4 0.5
0 2.55 0.5
0 3.45 0.5
0 2.5 0.5
0 3.5 0.5
0 2.45 0.5
0 3.55 0.5
0 2.4 0.5
0 3.6 0.5
0 2.35 0.5
0 3.65 0.5
0 2.3 0.5
0 3.7 0.5
0 2.25 0.5
0 3.75 0.5
0 2.2 0.5
0 3.8 0.5
0 2.15 0.5
0 3.85 0.5
0 2.1 0.5
0 3.9 0.5
0 2.05 0.5
0 3.95 0.5
0 2.0 0.5
0 4.0 0.5
0 1.97 0.5
0 4.03 0.5
0 1.95 0.5
0 4.05 0.5
0 1.94 0.5
0 4.06 0.5
0 1.93 0.5
0 4.07 0.5
0 1.92 0.5
0 4.08 0.5
0 1.915 0.5
0 4.085 0.5
0 1.91 0.5
0 4.09 0.5
0 1.905 0.5
0 4.095 0.5
0 1.9 0.5
0 4.1 0.5
0 1.898 0.5
0 4.102 0.5
0 1.895 0.5
0 4.105 0.5