0 2.5 0.75
0 2 0.75
0 3.5 0.75
0 4 0.75
0 2.9999 0.75
0 3.0001 0.75
0 2.975 0.75
0 3.025 0.75
0 2.95 0.75
0 3.05 0.75
0 2.925 0.75
0 3.075 0.75
0 2.9 0.75
0 3.1 0.75
0 2.875 0.75
0 3.125 0.75
0 2.85 0.75
0 3.15 0.75
0 2.825 0.75
0 3.175 0.75
0 2.8 0.75
0 3.2 0.75
0 2.775 0.75
0 3.225 0.75
0 2.75 0.75
0 3.25 0.75
0 2.725 0.75
0 3.275 0.75
0 2.7 0.75
0 3.3 0.75
0 2.675 0.75
0 3.325 0.75
0 2.65 0.75
0 3.35 0.75
0 2.625 0.75
0 3.375 0.75
0 2.6 0.75
0 3.4 0.75
0 2.59 0.75
0 3.41 0.75
0 2.587 0.75
0 3.413 0.75
0 2.585 0.75
0 3.415 0.75
0 2.583 0.75
0 3.417 0.75
0 2.582 0.75
0 3.418 0.75
0 2.581 0.75
0 3.419 0.75
0 2.58 0.75
0 3.42 0.75
0 2.579 0.75
0 3.421 0.75
0 2.578 0.75
0 3.422 0.75
0 2.577 0.75
0 3.423 0.75
0 2.576 0.75
0 3.424 0.75